Position	Mutation	Amplitude	Name
86261934	0	-0.003007829189300537	chr10.86261934.86262389
86261934	1	0.0	chr10.86261934.86262389
86261934	2	-0.0007188916206359863	chr10.86261934.86262389
86261934	3	-0.005278646945953369	chr10.86261934.86262389
86261935	0	-0.0017039179801940918	chr10.86261934.86262389
86261935	1	-0.0002619624137878418	chr10.86261934.86262389
86261935	2	-0.0033093690872192383	chr10.86261934.86262389
86261935	3	0.0	chr10.86261934.86262389
86261936	0	0.0004494190216064453	chr10.86261934.86262389
86261936	1	0.0021271109580993652	chr10.86261934.86262389
86261936	2	0.0	chr10.86261934.86262389
86261936	3	0.0017300844192504883	chr10.86261934.86262389
86261937	0	-0.0036184191703796387	chr10.86261934.86262389
86261937	1	0.00138777494430542	chr10.86261934.86262389
86261937	2	0.0004978179931640625	chr10.86261934.86262389
86261937	3	0.0	chr10.86261934.86262389
86261938	0	-0.0028877854347229004	chr10.86261934.86262389
86261938	1	-0.0030611753463745117	chr10.86261934.86262389
86261938	2	0.0	chr10.86261934.86262389
86261938	3	-0.002093076705932617	chr10.86261934.86262389
86261939	0	-0.0018513798713684082	chr10.86261934.86262389
86261939	1	-0.0028429031372070312	chr10.86261934.86262389
86261939	2	-0.00744175910949707	chr10.86261934.86262389
86261939	3	0.0	chr10.86261934.86262389
86261940	0	-0.006945431232452393	chr10.86261934.86262389
86261940	1	-0.006629288196563721	chr10.86261934.86262389
86261940	2	0.0	chr10.86261934.86262389
86261940	3	-0.006983458995819092	chr10.86261934.86262389
86261941	0	-0.01152116060256958	chr10.86261934.86262389
86261941	1	0.0	chr10.86261934.86262389
86261941	2	-0.006935834884643555	chr10.86261934.86262389
86261941	3	-0.006889760494232178	chr10.86261934.86262389
86261942	0	-0.01113218069076538	chr10.86261934.86262389
86261942	1	0.0	chr10.86261934.86262389
86261942	2	-0.008106112480163574	chr10.86261934.86262389
86261942	3	-0.005774736404418945	chr10.86261934.86262389
86261943	0	0.0	chr10.86261934.86262389
86261943	1	-0.005890786647796631	chr10.86261934.86262389
86261943	2	-0.005377292633056641	chr10.86261934.86262389
86261943	3	-0.004861414432525635	chr10.86261934.86262389
86261944	0	0.0009291768074035645	chr10.86261934.86262389
86261944	1	-0.008012890815734863	chr10.86261934.86262389
86261944	2	0.0	chr10.86261934.86262389
86261944	3	-0.011628925800323486	chr10.86261934.86262389
86261945	0	0.0	chr10.86261934.86262389
86261945	1	0.001470327377319336	chr10.86261934.86262389
86261945	2	0.013221561908721924	chr10.86261934.86262389
86261945	3	-0.0077062249183654785	chr10.86261934.86262389
86261946	0	0.012431323528289795	chr10.86261934.86262389
86261946	1	0.0	chr10.86261934.86262389
86261946	2	0.0029398202896118164	chr10.86261934.86262389
86261946	3	0.0014905929565429688	chr10.86261934.86262389
86261947	0	0.0	chr10.86261934.86262389
86261947	1	0.0004267096519470215	chr10.86261934.86262389
86261947	2	-0.002877652645111084	chr10.86261934.86262389
86261947	3	0.0015633702278137207	chr10.86261934.86262389
86261948	0	0.0025321245193481445	chr10.86261934.86262389
86261948	1	0.005856931209564209	chr10.86261934.86262389
86261948	2	0.005367875099182129	chr10.86261934.86262389
86261948	3	0.0	chr10.86261934.86262389
86261949	0	0.00336611270904541	chr10.86261934.86262389
86261949	1	0.0	chr10.86261934.86262389
86261949	2	-0.00015056133270263672	chr10.86261934.86262389
86261949	3	0.004359066486358643	chr10.86261934.86262389
86261950	0	0.0	chr10.86261934.86262389
86261950	1	-8.034706115722656e-05	chr10.86261934.86262389
86261950	2	-0.005499422550201416	chr10.86261934.86262389
86261950	3	0.0046042799949646	chr10.86261934.86262389
86261951	0	-0.005315065383911133	chr10.86261934.86262389
86261951	1	-0.0025800466537475586	chr10.86261934.86262389
86261951	2	0.0	chr10.86261934.86262389
86261951	3	-0.002607882022857666	chr10.86261934.86262389
86261952	0	-0.005969822406768799	chr10.86261934.86262389
86261952	1	0.0	chr10.86261934.86262389
86261952	2	-0.003183126449584961	chr10.86261934.86262389
86261952	3	-0.005421817302703857	chr10.86261934.86262389
86261953	0	-0.006065487861633301	chr10.86261934.86262389
86261953	1	0.0	chr10.86261934.86262389
86261953	2	-0.0016118884086608887	chr10.86261934.86262389
86261953	3	-0.0029457807540893555	chr10.86261934.86262389
86261954	0	-0.0022720694541931152	chr10.86261934.86262389
86261954	1	0.0	chr10.86261934.86262389
86261954	2	-0.006792545318603516	chr10.86261934.86262389
86261954	3	0.0008285045623779297	chr10.86261934.86262389
86261955	0	0.0	chr10.86261934.86262389
86261955	1	0.00820237398147583	chr10.86261934.86262389
86261955	2	0.007939279079437256	chr10.86261934.86262389
86261955	3	0.0027680397033691406	chr10.86261934.86262389
86261956	0	-0.004286527633666992	chr10.86261934.86262389
86261956	1	-0.0008108019828796387	chr10.86261934.86262389
86261956	2	0.0	chr10.86261934.86262389
86261956	3	-0.0032886862754821777	chr10.86261934.86262389
86261957	0	-0.0016483664512634277	chr10.86261934.86262389
86261957	1	0.004247188568115234	chr10.86261934.86262389
86261957	2	0.0	chr10.86261934.86262389
86261957	3	-0.0006287693977355957	chr10.86261934.86262389
86261958	0	0.0	chr10.86261934.86262389
86261958	1	0.008944928646087646	chr10.86261934.86262389
86261958	2	0.008952558040618896	chr10.86261934.86262389
86261958	3	-0.0028122663497924805	chr10.86261934.86262389
86261959	0	-0.006513118743896484	chr10.86261934.86262389
86261959	1	-0.0038563013076782227	chr10.86261934.86262389
86261959	2	0.0	chr10.86261934.86262389
86261959	3	-0.007151901721954346	chr10.86261934.86262389
86261960	0	-0.00022596120834350586	chr10.86261934.86262389
86261960	1	0.0	chr10.86261934.86262389
86261960	2	-0.001396477222442627	chr10.86261934.86262389
86261960	3	-0.00849372148513794	chr10.86261934.86262389
86261961	0	0.0018292665481567383	chr10.86261934.86262389
86261961	1	0.00360947847366333	chr10.86261934.86262389
86261961	2	-0.0023977160453796387	chr10.86261934.86262389
86261961	3	0.0	chr10.86261934.86262389
86261962	0	0.0019662976264953613	chr10.86261934.86262389
86261962	1	0.004206359386444092	chr10.86261934.86262389
86261962	2	0.007345616817474365	chr10.86261934.86262389
86261962	3	0.0	chr10.86261934.86262389
86261963	0	0.006373226642608643	chr10.86261934.86262389
86261963	1	0.0	chr10.86261934.86262389
86261963	2	0.0024265050888061523	chr10.86261934.86262389
86261963	3	0.00717085599899292	chr10.86261934.86262389
86261964	0	0.0	chr10.86261934.86262389
86261964	1	0.006275773048400879	chr10.86261934.86262389
86261964	2	0.0041075944900512695	chr10.86261934.86262389
86261964	3	0.0041397809982299805	chr10.86261934.86262389
86261965	0	0.001921534538269043	chr10.86261934.86262389
86261965	1	0.0	chr10.86261934.86262389
86261965	2	0.0015706419944763184	chr10.86261934.86262389
86261965	3	0.006421387195587158	chr10.86261934.86262389
86261966	0	0.0006502270698547363	chr10.86261934.86262389
86261966	1	0.004215359687805176	chr10.86261934.86262389
86261966	2	0.00270843505859375	chr10.86261934.86262389
86261966	3	0.0	chr10.86261934.86262389
86261967	0	0.012311220169067383	chr10.86261934.86262389
86261967	1	0.0	chr10.86261934.86262389
86261967	2	0.005936980247497559	chr10.86261934.86262389
86261967	3	0.0075109004974365234	chr10.86261934.86262389
86261968	0	4.0531158447265625e-06	chr10.86261934.86262389
86261968	1	0.0028911232948303223	chr10.86261934.86262389
86261968	2	-0.004802584648132324	chr10.86261934.86262389
86261968	3	0.0	chr10.86261934.86262389
86261969	0	-0.0004178285598754883	chr10.86261934.86262389
86261969	1	0.003756701946258545	chr10.86261934.86262389
86261969	2	0.011857032775878906	chr10.86261934.86262389
86261969	3	0.0	chr10.86261934.86262389
86261970	0	0.007548809051513672	chr10.86261934.86262389
86261970	1	0.0	chr10.86261934.86262389
86261970	2	-0.0015943050384521484	chr10.86261934.86262389
86261970	3	0.0098724365234375	chr10.86261934.86262389
86261971	0	0.0	chr10.86261934.86262389
86261971	1	-0.0013006329536437988	chr10.86261934.86262389
86261971	2	0.0014249086380004883	chr10.86261934.86262389
86261971	3	0.0017589926719665527	chr10.86261934.86262389
86261972	0	-0.0045005083084106445	chr10.86261934.86262389
86261972	1	-0.00943535566329956	chr10.86261934.86262389
86261972	2	-0.008778810501098633	chr10.86261934.86262389
86261972	3	0.0	chr10.86261934.86262389
86261973	0	-0.00827038288116455	chr10.86261934.86262389
86261973	1	-0.00342482328414917	chr10.86261934.86262389
86261973	2	0.0	chr10.86261934.86262389
86261973	3	-0.003274857997894287	chr10.86261934.86262389
86261974	0	-0.009449541568756104	chr10.86261934.86262389
86261974	1	0.0	chr10.86261934.86262389
86261974	2	-0.006141781806945801	chr10.86261934.86262389
86261974	3	-0.008908867835998535	chr10.86261934.86262389
86261975	0	-0.0096815824508667	chr10.86261934.86262389
86261975	1	0.0	chr10.86261934.86262389
86261975	2	-0.017340123653411865	chr10.86261934.86262389
86261975	3	-0.004518330097198486	chr10.86261934.86262389
86261976	0	0.0	chr10.86261934.86262389
86261976	1	-0.005115330219268799	chr10.86261934.86262389
86261976	2	-0.008255481719970703	chr10.86261934.86262389
86261976	3	-0.003925025463104248	chr10.86261934.86262389
86261977	0	0.0014744997024536133	chr10.86261934.86262389
86261977	1	-0.006734967231750488	chr10.86261934.86262389
86261977	2	0.0	chr10.86261934.86262389
86261977	3	-0.0011221766471862793	chr10.86261934.86262389
86261978	0	-0.0010387301445007324	chr10.86261934.86262389
86261978	1	0.010195314884185791	chr10.86261934.86262389
86261978	2	0.008690416812896729	chr10.86261934.86262389
86261978	3	0.0	chr10.86261934.86262389
86261979	0	-0.0023667216300964355	chr10.86261934.86262389
86261979	1	0.0	chr10.86261934.86262389
86261979	2	-0.001517176628112793	chr10.86261934.86262389
86261979	3	0.003416001796722412	chr10.86261934.86262389
86261980	0	-0.0018383264541625977	chr10.86261934.86262389
86261980	1	0.0025499463081359863	chr10.86261934.86262389
86261980	2	0.00300443172454834	chr10.86261934.86262389
86261980	3	0.0	chr10.86261934.86262389
86261981	0	0.0019281506538391113	chr10.86261934.86262389
86261981	1	0.0	chr10.86261934.86262389
86261981	2	0.0014688372611999512	chr10.86261934.86262389
86261981	3	-0.0027091503143310547	chr10.86261934.86262389
86261982	0	0.0	chr10.86261934.86262389
86261982	1	0.0033939480781555176	chr10.86261934.86262389
86261982	2	0.0008829832077026367	chr10.86261934.86262389
86261982	3	-0.0012708306312561035	chr10.86261934.86262389
86261983	0	0.004542946815490723	chr10.86261934.86262389
86261983	1	0.0	chr10.86261934.86262389
86261983	2	-0.0068773627281188965	chr10.86261934.86262389
86261983	3	0.008118748664855957	chr10.86261934.86262389
86261984	0	0.0	chr10.86261934.86262389
86261984	1	0.00846254825592041	chr10.86261934.86262389
86261984	2	0.0019121766090393066	chr10.86261934.86262389
86261984	3	0.012542307376861572	chr10.86261934.86262389
86261985	0	0.0	chr10.86261934.86262389
86261985	1	0.012719213962554932	chr10.86261934.86262389
86261985	2	0.01511228084564209	chr10.86261934.86262389
86261985	3	0.01158219575881958	chr10.86261934.86262389
86261986	0	0.0	chr10.86261934.86262389
86261986	1	0.01038813591003418	chr10.86261934.86262389
86261986	2	0.008619129657745361	chr10.86261934.86262389
86261986	3	0.012185275554656982	chr10.86261934.86262389
86261987	0	0.011374115943908691	chr10.86261934.86262389
86261987	1	0.008525490760803223	chr10.86261934.86262389
86261987	2	0.0	chr10.86261934.86262389
86261987	3	0.017786741256713867	chr10.86261934.86262389
86261988	0	0.019691765308380127	chr10.86261934.86262389
86261988	1	0.009867548942565918	chr10.86261934.86262389
86261988	2	0.021274447441101074	chr10.86261934.86262389
86261988	3	0.0	chr10.86261934.86262389
86261989	0	0.01980268955230713	chr10.86261934.86262389
86261989	1	0.011135220527648926	chr10.86261934.86262389
86261989	2	0.0	chr10.86261934.86262389
86261989	3	0.01680755615234375	chr10.86261934.86262389
86261990	0	0.0	chr10.86261934.86262389
86261990	1	0.012141406536102295	chr10.86261934.86262389
86261990	2	0.010071992874145508	chr10.86261934.86262389
86261990	3	0.013721048831939697	chr10.86261934.86262389
86261991	0	0.0	chr10.86261934.86262389
86261991	1	0.015853464603424072	chr10.86261934.86262389
86261991	2	0.012224435806274414	chr10.86261934.86262389
86261991	3	0.011781096458435059	chr10.86261934.86262389
86261992	0	0.0	chr10.86261934.86262389
86261992	1	0.008437752723693848	chr10.86261934.86262389
86261992	2	0.009320437908172607	chr10.86261934.86262389
86261992	3	0.014639675617218018	chr10.86261934.86262389
86261993	0	0.01762920618057251	chr10.86261934.86262389
86261993	1	-0.0066759586334228516	chr10.86261934.86262389
86261993	2	0.0	chr10.86261934.86262389
86261993	3	0.01985222101211548	chr10.86261934.86262389
86261994	0	0.011996090412139893	chr10.86261934.86262389
86261994	1	0.0	chr10.86261934.86262389
86261994	2	0.014155864715576172	chr10.86261934.86262389
86261994	3	-0.013414084911346436	chr10.86261934.86262389
86261995	0	0.0	chr10.86261934.86262389
86261995	1	0.010432302951812744	chr10.86261934.86262389
86261995	2	-0.001038193702697754	chr10.86261934.86262389
86261995	3	0.013629376888275146	chr10.86261934.86262389
86261996	0	-0.004862606525421143	chr10.86261934.86262389
86261996	1	-0.0007233023643493652	chr10.86261934.86262389
86261996	2	-0.0023345351219177246	chr10.86261934.86262389
86261996	3	0.0	chr10.86261934.86262389
86261997	0	-0.0013737082481384277	chr10.86261934.86262389
86261997	1	-0.003859102725982666	chr10.86261934.86262389
86261997	2	-0.002781212329864502	chr10.86261934.86262389
86261997	3	0.0	chr10.86261934.86262389
86261998	0	0.0	chr10.86261934.86262389
86261998	1	-0.005593299865722656	chr10.86261934.86262389
86261998	2	-0.0004253983497619629	chr10.86261934.86262389
86261998	3	0.00568842887878418	chr10.86261934.86262389
86261999	0	-0.0022161006927490234	chr10.86261934.86262389
86261999	1	-0.005047023296356201	chr10.86261934.86262389
86261999	2	-0.004349827766418457	chr10.86261934.86262389
86261999	3	0.0	chr10.86261934.86262389
86262000	0	-0.0006076693534851074	chr10.86261934.86262389
86262000	1	0.002995729446411133	chr10.86261934.86262389
86262000	2	0.0008220672607421875	chr10.86261934.86262389
86262000	3	0.0	chr10.86261934.86262389
86262001	0	-0.005285084247589111	chr10.86261934.86262389
86262001	1	0.0	chr10.86261934.86262389
86262001	2	-0.0051087141036987305	chr10.86261934.86262389
86262001	3	-7.390975952148438e-05	chr10.86261934.86262389
86262002	0	-0.0031452178955078125	chr10.86261934.86262389
86262002	1	-0.003298163414001465	chr10.86261934.86262389
86262002	2	-0.00866621732711792	chr10.86261934.86262389
86262002	3	0.0	chr10.86261934.86262389
86262003	0	-0.0020707249641418457	chr10.86261934.86262389
86262003	1	-0.003688514232635498	chr10.86261934.86262389
86262003	2	0.0	chr10.86261934.86262389
86262003	3	0.002462029457092285	chr10.86261934.86262389
86262004	0	-0.004456281661987305	chr10.86261934.86262389
86262004	1	-0.005391359329223633	chr10.86261934.86262389
86262004	2	0.0	chr10.86261934.86262389
86262004	3	-0.0020386576652526855	chr10.86261934.86262389
86262005	0	0.0007051825523376465	chr10.86261934.86262389
86262005	1	0.0	chr10.86261934.86262389
86262005	2	0.004071712493896484	chr10.86261934.86262389
86262005	3	-0.004896640777587891	chr10.86261934.86262389
86262006	0	0.0	chr10.86261934.86262389
86262006	1	-0.004227936267852783	chr10.86261934.86262389
86262006	2	-0.00889521837234497	chr10.86261934.86262389
86262006	3	-0.003365755081176758	chr10.86261934.86262389
86262007	0	-0.0005352497100830078	chr10.86261934.86262389
86262007	1	0.003384828567504883	chr10.86261934.86262389
86262007	2	0.009401977062225342	chr10.86261934.86262389
86262007	3	0.0	chr10.86261934.86262389
86262008	0	0.0014663934707641602	chr10.86261934.86262389
86262008	1	0.0	chr10.86261934.86262389
86262008	2	0.00010132789611816406	chr10.86261934.86262389
86262008	3	-0.00025600194931030273	chr10.86261934.86262389
86262009	0	-0.001912832260131836	chr10.86261934.86262389
86262009	1	0.0032675862312316895	chr10.86261934.86262389
86262009	2	0.0	chr10.86261934.86262389
86262009	3	-0.0019350051879882812	chr10.86261934.86262389
86262010	0	-0.00719141960144043	chr10.86261934.86262389
86262010	1	-0.0001685619354248047	chr10.86261934.86262389
86262010	2	0.0	chr10.86261934.86262389
86262010	3	-0.002238035202026367	chr10.86261934.86262389
86262011	0	-0.000858306884765625	chr10.86261934.86262389
86262011	1	0.0	chr10.86261934.86262389
86262011	2	0.0017542839050292969	chr10.86261934.86262389
86262011	3	0.00011146068572998047	chr10.86261934.86262389
86262012	0	0.0	chr10.86261934.86262389
86262012	1	0.06179320812225342	chr10.86261934.86262389
86262012	2	0.015090107917785645	chr10.86261934.86262389
86262012	3	0.025268197059631348	chr10.86261934.86262389
86262013	0	0.011267423629760742	chr10.86261934.86262389
86262013	1	0.03755509853363037	chr10.86261934.86262389
86262013	2	0.0	chr10.86261934.86262389
86262013	3	0.04221618175506592	chr10.86261934.86262389
86262014	0	0.01254880428314209	chr10.86261934.86262389
86262014	1	0.0422978401184082	chr10.86261934.86262389
86262014	2	0.0	chr10.86261934.86262389
86262014	3	0.059882283210754395	chr10.86261934.86262389
86262015	0	0.021861612796783447	chr10.86261934.86262389
86262015	1	0.09935992956161499	chr10.86261934.86262389
86262015	2	0.0011014342308044434	chr10.86261934.86262389
86262015	3	0.0	chr10.86261934.86262389
86262016	0	0.011535227298736572	chr10.86261934.86262389
86262016	1	0.005629301071166992	chr10.86261934.86262389
86262016	2	0.0	chr10.86261934.86262389
86262016	3	0.02343904972076416	chr10.86261934.86262389
86262017	0	0.0	chr10.86261934.86262389
86262017	1	-0.007110953330993652	chr10.86261934.86262389
86262017	2	-0.01883465051651001	chr10.86261934.86262389
86262017	3	-0.0182950496673584	chr10.86261934.86262389
86262018	0	0.0	chr10.86261934.86262389
86262018	1	-0.012282371520996094	chr10.86261934.86262389
86262018	2	-0.003989875316619873	chr10.86261934.86262389
86262018	3	-0.0030384063720703125	chr10.86261934.86262389
86262019	0	0.0	chr10.86261934.86262389
86262019	1	-0.004808604717254639	chr10.86261934.86262389
86262019	2	-0.005615353584289551	chr10.86261934.86262389
86262019	3	0.006489217281341553	chr10.86261934.86262389
86262020	0	0.0	chr10.86261934.86262389
86262020	1	0.0020329952239990234	chr10.86261934.86262389
86262020	2	0.007788360118865967	chr10.86261934.86262389
86262020	3	0.025824368000030518	chr10.86261934.86262389
86262021	0	0.023689568042755127	chr10.86261934.86262389
86262021	1	0.0	chr10.86261934.86262389
86262021	2	0.010181665420532227	chr10.86261934.86262389
86262021	3	0.01701456308364868	chr10.86261934.86262389
86262022	0	0.022121787071228027	chr10.86261934.86262389
86262022	1	0.01647496223449707	chr10.86261934.86262389
86262022	2	0.021117031574249268	chr10.86261934.86262389
86262022	3	0.0	chr10.86261934.86262389
86262023	0	0.013817906379699707	chr10.86261934.86262389
86262023	1	0.016246557235717773	chr10.86261934.86262389
86262023	2	0.0	chr10.86261934.86262389
86262023	3	0.007579982280731201	chr10.86261934.86262389
86262024	0	0.0	chr10.86261934.86262389
86262024	1	0.049210190773010254	chr10.86261934.86262389
86262024	2	0.024622678756713867	chr10.86261934.86262389
86262024	3	0.015877187252044678	chr10.86261934.86262389
86262025	0	0.006070137023925781	chr10.86261934.86262389
86262025	1	0.00944143533706665	chr10.86261934.86262389
86262025	2	0.0	chr10.86261934.86262389
86262025	3	0.013026654720306396	chr10.86261934.86262389
86262026	0	0.0021088123321533203	chr10.86261934.86262389
86262026	1	0.010191738605499268	chr10.86261934.86262389
86262026	2	0.0	chr10.86261934.86262389
86262026	3	-0.0014373064041137695	chr10.86261934.86262389
86262027	0	0.01202535629272461	chr10.86261934.86262389
86262027	1	0.0	chr10.86261934.86262389
86262027	2	0.0005134344100952148	chr10.86261934.86262389
86262027	3	0.003612518310546875	chr10.86261934.86262389
86262028	0	-0.01230388879776001	chr10.86261934.86262389
86262028	1	-0.010634362697601318	chr10.86261934.86262389
86262028	2	0.0073430538177490234	chr10.86261934.86262389
86262028	3	0.0	chr10.86261934.86262389
86262029	0	-0.008526265621185303	chr10.86261934.86262389
86262029	1	0.0	chr10.86261934.86262389
86262029	2	-0.0009372830390930176	chr10.86261934.86262389
86262029	3	0.0014976263046264648	chr10.86261934.86262389
86262030	0	-0.01434415578842163	chr10.86261934.86262389
86262030	1	-0.00502777099609375	chr10.86261934.86262389
86262030	2	0.0	chr10.86261934.86262389
86262030	3	-0.0022365450859069824	chr10.86261934.86262389
86262031	0	-0.002196788787841797	chr10.86261934.86262389
86262031	1	-0.002956092357635498	chr10.86261934.86262389
86262031	2	0.0	chr10.86261934.86262389
86262031	3	-0.001997828483581543	chr10.86261934.86262389
86262032	0	0.0	chr10.86261934.86262389
86262032	1	-0.0008690953254699707	chr10.86261934.86262389
86262032	2	-0.00018149614334106445	chr10.86261934.86262389
86262032	3	1.817941665649414e-05	chr10.86261934.86262389
86262033	0	-0.005924999713897705	chr10.86261934.86262389
86262033	1	-0.009733974933624268	chr10.86261934.86262389
86262033	2	-0.0059365034103393555	chr10.86261934.86262389
86262033	3	0.0	chr10.86261934.86262389
86262034	0	0.0	chr10.86261934.86262389
86262034	1	0.006011664867401123	chr10.86261934.86262389
86262034	2	-0.0021193623542785645	chr10.86261934.86262389
86262034	3	0.009544670581817627	chr10.86261934.86262389
86262035	0	0.005644261837005615	chr10.86261934.86262389
86262035	1	-0.00376284122467041	chr10.86261934.86262389
86262035	2	0.0	chr10.86261934.86262389
86262035	3	0.0066710710525512695	chr10.86261934.86262389
86262036	0	0.003721773624420166	chr10.86261934.86262389
86262036	1	0.008017778396606445	chr10.86261934.86262389
86262036	2	0.0	chr10.86261934.86262389
86262036	3	0.005147755146026611	chr10.86261934.86262389
86262037	0	0.008356750011444092	chr10.86261934.86262389
86262037	1	0.010485649108886719	chr10.86261934.86262389
86262037	2	-0.0029234886169433594	chr10.86261934.86262389
86262037	3	0.0	chr10.86261934.86262389
86262038	0	0.007502615451812744	chr10.86261934.86262389
86262038	1	-0.005612730979919434	chr10.86261934.86262389
86262038	2	0.0	chr10.86261934.86262389
86262038	3	0.01572859287261963	chr10.86261934.86262389
86262039	0	0.0	chr10.86261934.86262389
86262039	1	0.006599366664886475	chr10.86261934.86262389
86262039	2	0.002499818801879883	chr10.86261934.86262389
86262039	3	0.00020778179168701172	chr10.86261934.86262389
86262040	0	0.0	chr10.86261934.86262389
86262040	1	-0.00018173456192016602	chr10.86261934.86262389
86262040	2	-0.0015575289726257324	chr10.86261934.86262389
86262040	3	0.0029790401458740234	chr10.86261934.86262389
86262041	0	0.0061689019203186035	chr10.86261934.86262389
86262041	1	0.002881288528442383	chr10.86261934.86262389
86262041	2	0.0	chr10.86261934.86262389
86262041	3	0.01308506727218628	chr10.86261934.86262389
86262042	0	-0.0036720633506774902	chr10.86261934.86262389
86262042	1	0.0	chr10.86261934.86262389
86262042	2	0.0005919933319091797	chr10.86261934.86262389
86262042	3	-0.006108641624450684	chr10.86261934.86262389
86262043	0	0.0	chr10.86261934.86262389
86262043	1	0.007136344909667969	chr10.86261934.86262389
86262043	2	0.006955146789550781	chr10.86261934.86262389
86262043	3	0.005704939365386963	chr10.86261934.86262389
86262044	0	0.004464328289031982	chr10.86261934.86262389
86262044	1	0.0005828738212585449	chr10.86261934.86262389
86262044	2	0.0	chr10.86261934.86262389
86262044	3	0.014494478702545166	chr10.86261934.86262389
86262045	0	-0.0012165307998657227	chr10.86261934.86262389
86262045	1	0.006978929042816162	chr10.86261934.86262389
86262045	2	-0.0012909173965454102	chr10.86261934.86262389
86262045	3	0.0	chr10.86261934.86262389
86262046	0	-0.005396544933319092	chr10.86261934.86262389
86262046	1	0.004470407962799072	chr10.86261934.86262389
86262046	2	0.0	chr10.86261934.86262389
86262046	3	0.00320589542388916	chr10.86261934.86262389
86262047	0	0.0006409287452697754	chr10.86261934.86262389
86262047	1	0.003442525863647461	chr10.86261934.86262389
86262047	2	-0.007254123687744141	chr10.86261934.86262389
86262047	3	0.0	chr10.86261934.86262389
86262048	0	0.0028562545776367188	chr10.86261934.86262389
86262048	1	0.003933966159820557	chr10.86261934.86262389
86262048	2	0.0	chr10.86261934.86262389
86262048	3	0.019280970096588135	chr10.86261934.86262389
86262049	0	-0.0050313472747802734	chr10.86261934.86262389
86262049	1	0.008555412292480469	chr10.86261934.86262389
86262049	2	-5.167722702026367e-05	chr10.86261934.86262389
86262049	3	0.0	chr10.86261934.86262389
86262050	0	0.019976139068603516	chr10.86261934.86262389
86262050	1	0.0	chr10.86261934.86262389
86262050	2	0.019575297832489014	chr10.86261934.86262389
86262050	3	0.015408575534820557	chr10.86261934.86262389
86262051	0	0.012802839279174805	chr10.86261934.86262389
86262051	1	0.0	chr10.86261934.86262389
86262051	2	0.009025871753692627	chr10.86261934.86262389
86262051	3	0.02227497100830078	chr10.86261934.86262389
86262052	0	0.0	chr10.86261934.86262389
86262052	1	0.009661257266998291	chr10.86261934.86262389
86262052	2	0.01124638319015503	chr10.86261934.86262389
86262052	3	0.02558577060699463	chr10.86261934.86262389
86262053	0	-7.605552673339844e-05	chr10.86261934.86262389
86262053	1	-0.003648102283477783	chr10.86261934.86262389
86262053	2	0.0	chr10.86261934.86262389
86262053	3	0.0026079416275024414	chr10.86261934.86262389
86262054	0	-0.0028240084648132324	chr10.86261934.86262389
86262054	1	0.0	chr10.86261934.86262389
86262054	2	-0.01099693775177002	chr10.86261934.86262389
86262054	3	-0.0007883310317993164	chr10.86261934.86262389
86262055	0	0.002932250499725342	chr10.86261934.86262389
86262055	1	0.013789951801300049	chr10.86261934.86262389
86262055	2	0.0	chr10.86261934.86262389
86262055	3	0.004260659217834473	chr10.86261934.86262389
86262056	0	0.003193676471710205	chr10.86261934.86262389
86262056	1	0.005404949188232422	chr10.86261934.86262389
86262056	2	-0.0001049041748046875	chr10.86261934.86262389
86262056	3	0.0	chr10.86261934.86262389
86262057	0	0.0	chr10.86261934.86262389
86262057	1	-0.010349810123443604	chr10.86261934.86262389
86262057	2	-0.0075653791427612305	chr10.86261934.86262389
86262057	3	0.0016864538192749023	chr10.86261934.86262389
86262058	0	0.0	chr10.86261934.86262389
86262058	1	-0.005401313304901123	chr10.86261934.86262389
86262058	2	-0.0018897056579589844	chr10.86261934.86262389
86262058	3	0.00034183263778686523	chr10.86261934.86262389
86262059	0	0.021326541900634766	chr10.86261934.86262389
86262059	1	0.0	chr10.86261934.86262389
86262059	2	0.006564438343048096	chr10.86261934.86262389
86262059	3	0.014326930046081543	chr10.86261934.86262389
86262060	0	0.0	chr10.86261934.86262389
86262060	1	0.002352118492126465	chr10.86261934.86262389
86262060	2	0.007155358791351318	chr10.86261934.86262389
86262060	3	0.011864840984344482	chr10.86261934.86262389
86262061	0	-0.0015723109245300293	chr10.86261934.86262389
86262061	1	0.0	chr10.86261934.86262389
86262061	2	0.0005111098289489746	chr10.86261934.86262389
86262061	3	0.007250547409057617	chr10.86261934.86262389
86262062	0	0.0	chr10.86261934.86262389
86262062	1	-0.0079423189163208	chr10.86261934.86262389
86262062	2	0.015213489532470703	chr10.86261934.86262389
86262062	3	0.014603197574615479	chr10.86261934.86262389
86262063	0	-0.005655050277709961	chr10.86261934.86262389
86262063	1	-0.021745026111602783	chr10.86261934.86262389
86262063	2	0.0	chr10.86261934.86262389
86262063	3	-0.005887389183044434	chr10.86261934.86262389
86262064	0	-0.019941270351409912	chr10.86261934.86262389
86262064	1	0.0	chr10.86261934.86262389
86262064	2	-0.02081841230392456	chr10.86261934.86262389
86262064	3	-0.02067357301712036	chr10.86261934.86262389
86262065	0	-0.023923873901367188	chr10.86261934.86262389
86262065	1	0.0	chr10.86261934.86262389
86262065	2	-0.025923609733581543	chr10.86261934.86262389
86262065	3	-0.02338850498199463	chr10.86261934.86262389
86262066	0	0.0	chr10.86261934.86262389
86262066	1	-0.022079288959503174	chr10.86261934.86262389
86262066	2	-0.010112881660461426	chr10.86261934.86262389
86262066	3	-0.022350549697875977	chr10.86261934.86262389
86262067	0	-0.021107733249664307	chr10.86261934.86262389
86262067	1	0.09809643030166626	chr10.86261934.86262389
86262067	2	0.0	chr10.86261934.86262389
86262067	3	-0.011574804782867432	chr10.86261934.86262389
86262068	0	0.006513476371765137	chr10.86261934.86262389
86262068	1	0.1728031039237976	chr10.86261934.86262389
86262068	2	0.0	chr10.86261934.86262389
86262068	3	0.0891379714012146	chr10.86261934.86262389
86262069	0	0.0	chr10.86261934.86262389
86262069	1	-0.016206741333007812	chr10.86261934.86262389
86262069	2	-0.018828213214874268	chr10.86261934.86262389
86262069	3	-0.0174371600151062	chr10.86261934.86262389
86262070	0	-0.030482888221740723	chr10.86261934.86262389
86262070	1	-0.023814797401428223	chr10.86261934.86262389
86262070	2	0.0	chr10.86261934.86262389
86262070	3	-0.026425063610076904	chr10.86261934.86262389
86262071	0	0.01072537899017334	chr10.86261934.86262389
86262071	1	-0.0050890445709228516	chr10.86261934.86262389
86262071	2	0.0	chr10.86261934.86262389
86262071	3	-0.010973930358886719	chr10.86261934.86262389
86262072	0	-0.025144755840301514	chr10.86261934.86262389
86262072	1	-0.01966005563735962	chr10.86261934.86262389
86262072	2	-0.0269012451171875	chr10.86261934.86262389
86262072	3	0.0	chr10.86261934.86262389
86262073	0	-0.021289408206939697	chr10.86261934.86262389
86262073	1	-0.024636924266815186	chr10.86261934.86262389
86262073	2	0.0	chr10.86261934.86262389
86262073	3	-0.0194665789604187	chr10.86261934.86262389
86262074	0	-0.022031128406524658	chr10.86261934.86262389
86262074	1	-0.019433796405792236	chr10.86261934.86262389
86262074	2	0.0	chr10.86261934.86262389
86262074	3	-0.017768383026123047	chr10.86261934.86262389
86262075	0	-0.033071815967559814	chr10.86261934.86262389
86262075	1	0.0	chr10.86261934.86262389
86262075	2	-0.020255565643310547	chr10.86261934.86262389
86262075	3	-0.026898205280303955	chr10.86261934.86262389
86262076	0	0.0	chr10.86261934.86262389
86262076	1	-0.02609539031982422	chr10.86261934.86262389
86262076	2	-0.01149141788482666	chr10.86261934.86262389
86262076	3	-0.026669859886169434	chr10.86261934.86262389
86262077	0	-0.02109593152999878	chr10.86261934.86262389
86262077	1	-0.004785299301147461	chr10.86261934.86262389
86262077	2	0.0	chr10.86261934.86262389
86262077	3	-0.020550251007080078	chr10.86261934.86262389
86262078	0	-0.020682692527770996	chr10.86261934.86262389
86262078	1	0.0008680224418640137	chr10.86261934.86262389
86262078	2	-0.017840445041656494	chr10.86261934.86262389
86262078	3	0.0	chr10.86261934.86262389
86262079	0	-0.010507285594940186	chr10.86261934.86262389
86262079	1	0.0009853839874267578	chr10.86261934.86262389
86262079	2	0.0	chr10.86261934.86262389
86262079	3	-0.02111971378326416	chr10.86261934.86262389
86262080	0	0.0007366538047790527	chr10.86261934.86262389
86262080	1	0.00533217191696167	chr10.86261934.86262389
86262080	2	0.0	chr10.86261934.86262389
86262080	3	0.05679291486740112	chr10.86261934.86262389
86262081	0	-0.0010474324226379395	chr10.86261934.86262389
86262081	1	-0.00283205509185791	chr10.86261934.86262389
86262081	2	-0.011935710906982422	chr10.86261934.86262389
86262081	3	0.0	chr10.86261934.86262389
86262082	0	-0.017249882221221924	chr10.86261934.86262389
86262082	1	-0.025138020515441895	chr10.86261934.86262389
86262082	2	0.0	chr10.86261934.86262389
86262082	3	-0.01584768295288086	chr10.86261934.86262389
86262083	0	0.0	chr10.86261934.86262389
86262083	1	0.013257145881652832	chr10.86261934.86262389
86262083	2	0.00822073221206665	chr10.86261934.86262389
86262083	3	0.007800638675689697	chr10.86261934.86262389
86262084	0	0.0	chr10.86261934.86262389
86262084	1	-0.007976710796356201	chr10.86261934.86262389
86262084	2	-0.017537176609039307	chr10.86261934.86262389
86262084	3	-0.0010423660278320312	chr10.86261934.86262389
86262085	0	-0.020143985748291016	chr10.86261934.86262389
86262085	1	0.00027298927307128906	chr10.86261934.86262389
86262085	2	-0.017484009265899658	chr10.86261934.86262389
86262085	3	0.0	chr10.86261934.86262389
86262086	0	-0.025043368339538574	chr10.86261934.86262389
86262086	1	0.0	chr10.86261934.86262389
86262086	2	-0.025978922843933105	chr10.86261934.86262389
86262086	3	-0.008049070835113525	chr10.86261934.86262389
86262087	0	0.07444632053375244	chr10.86261934.86262389
86262087	1	0.006969869136810303	chr10.86261934.86262389
86262087	2	0.04388248920440674	chr10.86261934.86262389
86262087	3	0.0	chr10.86261934.86262389
86262088	0	0.0054724812507629395	chr10.86261934.86262389
86262088	1	0.009773015975952148	chr10.86261934.86262389
86262088	2	0.0	chr10.86261934.86262389
86262088	3	0.004729568958282471	chr10.86261934.86262389
86262089	0	-0.0122908353805542	chr10.86261934.86262389
86262089	1	0.0005050301551818848	chr10.86261934.86262389
86262089	2	0.0	chr10.86261934.86262389
86262089	3	0.010884344577789307	chr10.86261934.86262389
86262090	0	-0.000752866268157959	chr10.86261934.86262389
86262090	1	0.0	chr10.86261934.86262389
86262090	2	-0.014438927173614502	chr10.86261934.86262389
86262090	3	0.011954724788665771	chr10.86261934.86262389
86262091	0	0.02310699224472046	chr10.86261934.86262389
86262091	1	0.0	chr10.86261934.86262389
86262091	2	0.01225125789642334	chr10.86261934.86262389
86262091	3	0.05479174852371216	chr10.86261934.86262389
86262092	0	0.009286820888519287	chr10.86261934.86262389
86262092	1	0.0	chr10.86261934.86262389
86262092	2	0.011898219585418701	chr10.86261934.86262389
86262092	3	0.0015309453010559082	chr10.86261934.86262389
86262093	0	0.012629330158233643	chr10.86261934.86262389
86262093	1	0.0	chr10.86261934.86262389
86262093	2	0.01776987314224243	chr10.86261934.86262389
86262093	3	0.002345263957977295	chr10.86261934.86262389
86262094	0	0.0	chr10.86261934.86262389
86262094	1	-0.0030344128608703613	chr10.86261934.86262389
86262094	2	0.007906615734100342	chr10.86261934.86262389
86262094	3	-0.0025207996368408203	chr10.86261934.86262389
86262095	0	0.0	chr10.86261934.86262389
86262095	1	0.0035189390182495117	chr10.86261934.86262389
86262095	2	-0.00026929378509521484	chr10.86261934.86262389
86262095	3	-0.011314570903778076	chr10.86261934.86262389
86262096	0	0.0	chr10.86261934.86262389
86262096	1	0.00017440319061279297	chr10.86261934.86262389
86262096	2	-0.03496408462524414	chr10.86261934.86262389
86262096	3	-0.0006155967712402344	chr10.86261934.86262389
86262097	0	-0.005065858364105225	chr10.86261934.86262389
86262097	1	-0.0007291436195373535	chr10.86261934.86262389
86262097	2	0.0	chr10.86261934.86262389
86262097	3	0.01171940565109253	chr10.86261934.86262389
86262098	0	-0.013039648532867432	chr10.86261934.86262389
86262098	1	0.0	chr10.86261934.86262389
86262098	2	-0.004922926425933838	chr10.86261934.86262389
86262098	3	-0.014741778373718262	chr10.86261934.86262389
86262099	0	-0.009823739528656006	chr10.86261934.86262389
86262099	1	0.0	chr10.86261934.86262389
86262099	2	-0.004092872142791748	chr10.86261934.86262389
86262099	3	-0.007901132106781006	chr10.86261934.86262389
86262100	0	0.0010930299758911133	chr10.86261934.86262389
86262100	1	0.009567975997924805	chr10.86261934.86262389
86262100	2	0.0111922025680542	chr10.86261934.86262389
86262100	3	0.0	chr10.86261934.86262389
86262101	0	-0.01808178424835205	chr10.86261934.86262389
86262101	1	0.006566464900970459	chr10.86261934.86262389
86262101	2	0.0	chr10.86261934.86262389
86262101	3	-0.004349827766418457	chr10.86261934.86262389
86262102	0	-0.00935983657836914	chr10.86261934.86262389
86262102	1	0.0	chr10.86261934.86262389
86262102	2	-0.013807237148284912	chr10.86261934.86262389
86262102	3	-0.01286250352859497	chr10.86261934.86262389
86262103	0	-0.0033678412437438965	chr10.86261934.86262389
86262103	1	-0.009726762771606445	chr10.86261934.86262389
86262103	2	0.0	chr10.86261934.86262389
86262103	3	0.008336484432220459	chr10.86261934.86262389
86262104	0	-0.003288090229034424	chr10.86261934.86262389
86262104	1	0.0	chr10.86261934.86262389
86262104	2	-0.02419227361679077	chr10.86261934.86262389
86262104	3	0.0008473992347717285	chr10.86261934.86262389
86262105	0	-0.008848071098327637	chr10.86261934.86262389
86262105	1	-0.01543283462524414	chr10.86261934.86262389
86262105	2	0.0050460100173950195	chr10.86261934.86262389
86262105	3	0.0	chr10.86261934.86262389
86262106	0	0.016322970390319824	chr10.86261934.86262389
86262106	1	0.0	chr10.86261934.86262389
86262106	2	0.028016328811645508	chr10.86261934.86262389
86262106	3	0.012396574020385742	chr10.86261934.86262389
86262107	0	-0.006666421890258789	chr10.86261934.86262389
86262107	1	-0.008884906768798828	chr10.86261934.86262389
86262107	2	-0.0015870332717895508	chr10.86261934.86262389
86262107	3	0.0	chr10.86261934.86262389
86262108	0	-0.007783174514770508	chr10.86261934.86262389
86262108	1	-0.016750693321228027	chr10.86261934.86262389
86262108	2	-0.00792396068572998	chr10.86261934.86262389
86262108	3	0.0	chr10.86261934.86262389
86262109	0	-0.010723352432250977	chr10.86261934.86262389
86262109	1	-0.026820003986358643	chr10.86261934.86262389
86262109	2	-0.03458237648010254	chr10.86261934.86262389
86262109	3	0.0	chr10.86261934.86262389
86262110	0	0.0	chr10.86261934.86262389
86262110	1	-0.005698800086975098	chr10.86261934.86262389
86262110	2	-0.0012197494506835938	chr10.86261934.86262389
86262110	3	0.016163647174835205	chr10.86261934.86262389
86262111	0	0.0003375411033630371	chr10.86261934.86262389
86262111	1	0.0	chr10.86261934.86262389
86262111	2	-0.016338586807250977	chr10.86261934.86262389
86262111	3	0.01757258176803589	chr10.86261934.86262389
86262112	0	0.0	chr10.86261934.86262389
86262112	1	-0.0035564303398132324	chr10.86261934.86262389
86262112	2	0.005622565746307373	chr10.86261934.86262389
86262112	3	0.00837397575378418	chr10.86261934.86262389
86262113	0	-0.0006338357925415039	chr10.86261934.86262389
86262113	1	0.0	chr10.86261934.86262389
86262113	2	-0.001561582088470459	chr10.86261934.86262389
86262113	3	0.0011028647422790527	chr10.86261934.86262389
86262114	0	0.008321225643157959	chr10.86261934.86262389
86262114	1	-0.0032543540000915527	chr10.86261934.86262389
86262114	2	-0.000925600528717041	chr10.86261934.86262389
86262114	3	0.0	chr10.86261934.86262389
86262115	0	-0.0011205077171325684	chr10.86261934.86262389
86262115	1	-0.0007750988006591797	chr10.86261934.86262389
86262115	2	0.0	chr10.86261934.86262389
86262115	3	-0.010571956634521484	chr10.86261934.86262389
86262116	0	-0.0017561912536621094	chr10.86261934.86262389
86262116	1	0.004276096820831299	chr10.86261934.86262389
86262116	2	-0.00025272369384765625	chr10.86261934.86262389
86262116	3	0.0	chr10.86261934.86262389
86262117	0	-0.007251381874084473	chr10.86261934.86262389
86262117	1	-0.017708957195281982	chr10.86261934.86262389
86262117	2	0.0	chr10.86261934.86262389
86262117	3	-0.008073210716247559	chr10.86261934.86262389
86262118	0	-0.007603347301483154	chr10.86261934.86262389
86262118	1	0.0	chr10.86261934.86262389
86262118	2	-0.019415736198425293	chr10.86261934.86262389
86262118	3	-0.006039261817932129	chr10.86261934.86262389
86262119	0	0.0	chr10.86261934.86262389
86262119	1	0.017344653606414795	chr10.86261934.86262389
86262119	2	0.028832554817199707	chr10.86261934.86262389
86262119	3	0.0073653459548950195	chr10.86261934.86262389
86262120	0	0.0	chr10.86261934.86262389
86262120	1	0.019640982151031494	chr10.86261934.86262389
86262120	2	-0.0026833415031433105	chr10.86261934.86262389
86262120	3	0.001330256462097168	chr10.86261934.86262389
86262121	0	0.027646958827972412	chr10.86261934.86262389
86262121	1	0.0019420385360717773	chr10.86261934.86262389
86262121	2	0.0	chr10.86261934.86262389
86262121	3	0.02716374397277832	chr10.86261934.86262389
86262122	0	-0.008513271808624268	chr10.86261934.86262389
86262122	1	0.00995934009552002	chr10.86261934.86262389
86262122	2	0.0036414265632629395	chr10.86261934.86262389
86262122	3	0.0	chr10.86261934.86262389
86262123	0	0.015571415424346924	chr10.86261934.86262389
86262123	1	0.0	chr10.86261934.86262389
86262123	2	0.004079461097717285	chr10.86261934.86262389
86262123	3	0.007623076438903809	chr10.86261934.86262389
86262124	0	0.0	chr10.86261934.86262389
86262124	1	0.016686975955963135	chr10.86261934.86262389
86262124	2	0.032714128494262695	chr10.86261934.86262389
86262124	3	0.02829831838607788	chr10.86261934.86262389
86262125	0	-0.017853617668151855	chr10.86261934.86262389
86262125	1	0.0	chr10.86261934.86262389
86262125	2	0.03677022457122803	chr10.86261934.86262389
86262125	3	-0.010910570621490479	chr10.86261934.86262389
86262126	0	0.03572046756744385	chr10.86261934.86262389
86262126	1	0.0	chr10.86261934.86262389
86262126	2	0.012509703636169434	chr10.86261934.86262389
86262126	3	0.021073579788208008	chr10.86261934.86262389
86262127	0	0.017090797424316406	chr10.86261934.86262389
86262127	1	0.015694379806518555	chr10.86261934.86262389
86262127	2	0.018175601959228516	chr10.86261934.86262389
86262127	3	0.0	chr10.86261934.86262389
86262128	0	-0.00032007694244384766	chr10.86261934.86262389
86262128	1	0.023669302463531494	chr10.86261934.86262389
86262128	2	0.00206071138381958	chr10.86261934.86262389
86262128	3	0.0	chr10.86261934.86262389
86262129	0	0.020660817623138428	chr10.86261934.86262389
86262129	1	0.0	chr10.86261934.86262389
86262129	2	0.010070502758026123	chr10.86261934.86262389
86262129	3	0.02704983949661255	chr10.86261934.86262389
86262130	0	-0.0001246929168701172	chr10.86261934.86262389
86262130	1	0.013046085834503174	chr10.86261934.86262389
86262130	2	0.0021164417266845703	chr10.86261934.86262389
86262130	3	0.0	chr10.86261934.86262389
86262131	0	0.0	chr10.86261934.86262389
86262131	1	0.001707911491394043	chr10.86261934.86262389
86262131	2	0.012340903282165527	chr10.86261934.86262389
86262131	3	-0.0015883445739746094	chr10.86261934.86262389
86262132	0	0.02897322177886963	chr10.86261934.86262389
86262132	1	-0.008412778377532959	chr10.86261934.86262389
86262132	2	0.0	chr10.86261934.86262389
86262132	3	0.014214158058166504	chr10.86261934.86262389
86262133	0	0.0	chr10.86261934.86262389
86262133	1	0.009954333305358887	chr10.86261934.86262389
86262133	2	0.012949168682098389	chr10.86261934.86262389
86262133	3	0.006793022155761719	chr10.86261934.86262389
86262134	0	0.0	chr10.86261934.86262389
86262134	1	-0.001687467098236084	chr10.86261934.86262389
86262134	2	0.013070881366729736	chr10.86261934.86262389
86262134	3	-0.012395024299621582	chr10.86261934.86262389
86262135	0	-0.001562952995300293	chr10.86261934.86262389
86262135	1	-0.006564497947692871	chr10.86261934.86262389
86262135	2	0.0	chr10.86261934.86262389
86262135	3	-0.0010655522346496582	chr10.86261934.86262389
86262136	0	-0.023540079593658447	chr10.86261934.86262389
86262136	1	0.0015932917594909668	chr10.86261934.86262389
86262136	2	0.0	chr10.86261934.86262389
86262136	3	-0.016996324062347412	chr10.86261934.86262389
86262137	0	0.0	chr10.86261934.86262389
86262137	1	0.01788461208343506	chr10.86261934.86262389
86262137	2	0.022715747356414795	chr10.86261934.86262389
86262137	3	-0.01561892032623291	chr10.86261934.86262389
86262138	0	-0.038324058055877686	chr10.86261934.86262389
86262138	1	-0.006771981716156006	chr10.86261934.86262389
86262138	2	0.0	chr10.86261934.86262389
86262138	3	-0.02738434076309204	chr10.86261934.86262389
86262139	0	-0.010502636432647705	chr10.86261934.86262389
86262139	1	0.00893324613571167	chr10.86261934.86262389
86262139	2	0.0	chr10.86261934.86262389
86262139	3	0.0005638599395751953	chr10.86261934.86262389
86262140	0	0.0	chr10.86261934.86262389
86262140	1	0.007961750030517578	chr10.86261934.86262389
86262140	2	0.033726274967193604	chr10.86261934.86262389
86262140	3	-0.0027896761894226074	chr10.86261934.86262389
86262141	0	-0.03319370746612549	chr10.86261934.86262389
86262141	1	-0.0010167956352233887	chr10.86261934.86262389
86262141	2	0.0	chr10.86261934.86262389
86262141	3	-0.006510734558105469	chr10.86261934.86262389
86262142	0	0.02052527666091919	chr10.86261934.86262389
86262142	1	0.028803646564483643	chr10.86261934.86262389
86262142	2	0.0	chr10.86261934.86262389
86262142	3	0.012354254722595215	chr10.86261934.86262389
86262143	0	0.0	chr10.86261934.86262389
86262143	1	0.029771268367767334	chr10.86261934.86262389
86262143	2	0.05096590518951416	chr10.86261934.86262389
86262143	3	0.009039819240570068	chr10.86261934.86262389
86262144	0	0.0	chr10.86261934.86262389
86262144	1	0.01598268747329712	chr10.86261934.86262389
86262144	2	0.03793609142303467	chr10.86261934.86262389
86262144	3	0.015769243240356445	chr10.86261934.86262389
86262145	0	0.0010824799537658691	chr10.86261934.86262389
86262145	1	-0.00800246000289917	chr10.86261934.86262389
86262145	2	0.0	chr10.86261934.86262389
86262145	3	0.01595437526702881	chr10.86261934.86262389
86262146	0	-0.02378445863723755	chr10.86261934.86262389
86262146	1	0.0	chr10.86261934.86262389
86262146	2	0.0201413631439209	chr10.86261934.86262389
86262146	3	-0.04553347826004028	chr10.86261934.86262389
86262147	0	0.0	chr10.86261934.86262389
86262147	1	0.014737308025360107	chr10.86261934.86262389
86262147	2	0.0115431547164917	chr10.86261934.86262389
86262147	3	-0.009794056415557861	chr10.86261934.86262389
86262148	0	-0.0035376548767089844	chr10.86261934.86262389
86262148	1	0.005182206630706787	chr10.86261934.86262389
86262148	2	0.0	chr10.86261934.86262389
86262148	3	-0.011569082736968994	chr10.86261934.86262389
86262149	0	-0.010576903820037842	chr10.86261934.86262389
86262149	1	-0.012597084045410156	chr10.86261934.86262389
86262149	2	0.0	chr10.86261934.86262389
86262149	3	-0.013368368148803711	chr10.86261934.86262389
86262150	0	0.0006398558616638184	chr10.86261934.86262389
86262150	1	-0.0014284253120422363	chr10.86261934.86262389
86262150	2	0.0	chr10.86261934.86262389
86262150	3	-0.0388064980506897	chr10.86261934.86262389
86262151	0	0.024229466915130615	chr10.86261934.86262389
86262151	1	-0.01773124933242798	chr10.86261934.86262389
86262151	2	0.0	chr10.86261934.86262389
86262151	3	-0.01864570379257202	chr10.86261934.86262389
86262152	0	0.0	chr10.86261934.86262389
86262152	1	-0.009976506233215332	chr10.86261934.86262389
86262152	2	0.010448455810546875	chr10.86261934.86262389
86262152	3	-0.007914423942565918	chr10.86261934.86262389
86262153	0	0.0	chr10.86261934.86262389
86262153	1	-0.007398784160614014	chr10.86261934.86262389
86262153	2	0.0015625357627868652	chr10.86261934.86262389
86262153	3	0.0030214786529541016	chr10.86261934.86262389
86262154	0	0.012126564979553223	chr10.86261934.86262389
86262154	1	0.08168947696685791	chr10.86261934.86262389
86262154	2	0.0	chr10.86261934.86262389
86262154	3	0.011590421199798584	chr10.86261934.86262389
86262155	0	0.0	chr10.86261934.86262389
86262155	1	-0.019393086433410645	chr10.86261934.86262389
86262155	2	-0.023538827896118164	chr10.86261934.86262389
86262155	3	-0.03787946701049805	chr10.86261934.86262389
86262156	0	0.0	chr10.86261934.86262389
86262156	1	-0.0026510953903198242	chr10.86261934.86262389
86262156	2	-0.0035471320152282715	chr10.86261934.86262389
86262156	3	-0.020573318004608154	chr10.86261934.86262389
86262157	0	0.0	chr10.86261934.86262389
86262157	1	-0.007218837738037109	chr10.86261934.86262389
86262157	2	-0.02020740509033203	chr10.86261934.86262389
86262157	3	-0.007286131381988525	chr10.86261934.86262389
86262158	0	0.01205432415008545	chr10.86261934.86262389
86262158	1	-0.008656680583953857	chr10.86261934.86262389
86262158	2	0.0	chr10.86261934.86262389
86262158	3	-0.0018335580825805664	chr10.86261934.86262389
86262159	0	-0.015873312950134277	chr10.86261934.86262389
86262159	1	0.005061745643615723	chr10.86261934.86262389
86262159	2	0.0	chr10.86261934.86262389
86262159	3	-0.02024519443511963	chr10.86261934.86262389
86262160	0	-0.001969277858734131	chr10.86261934.86262389
86262160	1	0.0	chr10.86261934.86262389
86262160	2	-0.010712385177612305	chr10.86261934.86262389
86262160	3	-0.023632705211639404	chr10.86261934.86262389
86262161	0	-0.010502398014068604	chr10.86261934.86262389
86262161	1	-0.04548865556716919	chr10.86261934.86262389
86262161	2	0.0	chr10.86261934.86262389
86262161	3	-0.007822811603546143	chr10.86261934.86262389
86262162	0	-0.025371193885803223	chr10.86261934.86262389
86262162	1	0.0	chr10.86261934.86262389
86262162	2	-0.009345531463623047	chr10.86261934.86262389
86262162	3	-0.014480352401733398	chr10.86261934.86262389
86262163	0	0.0007353425025939941	chr10.86261934.86262389
86262163	1	0.01693969964981079	chr10.86261934.86262389
86262163	2	0.01680809259414673	chr10.86261934.86262389
86262163	3	0.0	chr10.86261934.86262389
86262164	0	0.0006527304649353027	chr10.86261934.86262389
86262164	1	-0.008869290351867676	chr10.86261934.86262389
86262164	2	0.0	chr10.86261934.86262389
86262164	3	-0.006263554096221924	chr10.86261934.86262389
86262165	0	0.0	chr10.86261934.86262389
86262165	1	0.01289147138595581	chr10.86261934.86262389
86262165	2	0.0028447508811950684	chr10.86261934.86262389
86262165	3	0.006457686424255371	chr10.86261934.86262389
86262166	0	-0.013065099716186523	chr10.86261934.86262389
86262166	1	-0.009336411952972412	chr10.86261934.86262389
86262166	2	0.011654317378997803	chr10.86261934.86262389
86262166	3	0.0	chr10.86261934.86262389
86262167	0	-0.014930129051208496	chr10.86261934.86262389
86262167	1	0.0	chr10.86261934.86262389
86262167	2	-0.0060242414474487305	chr10.86261934.86262389
86262167	3	0.014551639556884766	chr10.86261934.86262389
86262168	0	-0.0015111565589904785	chr10.86261934.86262389
86262168	1	0.0084075927734375	chr10.86261934.86262389
86262168	2	0.008714079856872559	chr10.86261934.86262389
86262168	3	0.0	chr10.86261934.86262389
86262169	0	-0.0005388855934143066	chr10.86261934.86262389
86262169	1	-0.00799095630645752	chr10.86261934.86262389
86262169	2	0.0	chr10.86261934.86262389
86262169	3	-0.011250436305999756	chr10.86261934.86262389
86262170	0	0.0	chr10.86261934.86262389
86262170	1	0.0030480027198791504	chr10.86261934.86262389
86262170	2	-0.0008375644683837891	chr10.86261934.86262389
86262170	3	-0.000466763973236084	chr10.86261934.86262389
86262171	0	0.0	chr10.86261934.86262389
86262171	1	-0.0018795132637023926	chr10.86261934.86262389
86262171	2	-0.005097389221191406	chr10.86261934.86262389
86262171	3	-0.021474480628967285	chr10.86261934.86262389
86262172	0	0.0	chr10.86261934.86262389
86262172	1	-0.003621041774749756	chr10.86261934.86262389
86262172	2	-0.011888623237609863	chr10.86261934.86262389
86262172	3	0.011409640312194824	chr10.86261934.86262389
86262173	0	-0.005279839038848877	chr10.86261934.86262389
86262173	1	-0.010720491409301758	chr10.86261934.86262389
86262173	2	0.0	chr10.86261934.86262389
86262173	3	-0.00529932975769043	chr10.86261934.86262389
86262174	0	-0.021031618118286133	chr10.86261934.86262389
86262174	1	0.0	chr10.86261934.86262389
86262174	2	0.0009250044822692871	chr10.86261934.86262389
86262174	3	-0.03028196096420288	chr10.86261934.86262389
86262175	0	0.0	chr10.86261934.86262389
86262175	1	0.004035234451293945	chr10.86261934.86262389
86262175	2	-0.0016077756881713867	chr10.86261934.86262389
86262175	3	0.004181921482086182	chr10.86261934.86262389
86262176	0	0.04620116949081421	chr10.86261934.86262389
86262176	1	0.00010818243026733398	chr10.86261934.86262389
86262176	2	0.0	chr10.86261934.86262389
86262176	3	0.014686048030853271	chr10.86261934.86262389
86262177	0	-0.009310901165008545	chr10.86261934.86262389
86262177	1	0.008680999279022217	chr10.86261934.86262389
86262177	2	-0.015795767307281494	chr10.86261934.86262389
86262177	3	0.0	chr10.86261934.86262389
86262178	0	-0.013380348682403564	chr10.86261934.86262389
86262178	1	0.0033897757530212402	chr10.86261934.86262389
86262178	2	-0.005337178707122803	chr10.86261934.86262389
86262178	3	0.0	chr10.86261934.86262389
86262179	0	0.0	chr10.86261934.86262389
86262179	1	0.0004933476448059082	chr10.86261934.86262389
86262179	2	-0.01976841688156128	chr10.86261934.86262389
86262179	3	0.01613485813140869	chr10.86261934.86262389
86262180	0	0.0270843505859375	chr10.86261934.86262389
86262180	1	0.0010100007057189941	chr10.86261934.86262389
86262180	2	0.0	chr10.86261934.86262389
86262180	3	0.017678678035736084	chr10.86261934.86262389
86262181	0	-0.0009533166885375977	chr10.86261934.86262389
86262181	1	0.006239116191864014	chr10.86261934.86262389
86262181	2	0.0037107467651367188	chr10.86261934.86262389
86262181	3	0.0	chr10.86261934.86262389
86262182	0	-0.006130218505859375	chr10.86261934.86262389
86262182	1	0.0	chr10.86261934.86262389
86262182	2	-0.006965696811676025	chr10.86261934.86262389
86262182	3	-0.0009615421295166016	chr10.86261934.86262389
86262183	0	0.009080708026885986	chr10.86261934.86262389
86262183	1	0.010042309761047363	chr10.86261934.86262389
86262183	2	0.0022095441818237305	chr10.86261934.86262389
86262183	3	0.0	chr10.86261934.86262389
86262184	0	-0.012227952480316162	chr10.86261934.86262389
86262184	1	0.020522773265838623	chr10.86261934.86262389
86262184	2	0.0	chr10.86261934.86262389
86262184	3	-0.004314899444580078	chr10.86261934.86262389
86262185	0	-0.016708850860595703	chr10.86261934.86262389
86262185	1	0.0	chr10.86261934.86262389
86262185	2	-0.009814321994781494	chr10.86261934.86262389
86262185	3	-0.0017930865287780762	chr10.86261934.86262389
86262186	0	-0.01002424955368042	chr10.86261934.86262389
86262186	1	0.0	chr10.86261934.86262389
86262186	2	0.014764010906219482	chr10.86261934.86262389
86262186	3	0.0081634521484375	chr10.86261934.86262389
86262187	0	0.013372421264648438	chr10.86261934.86262389
86262187	1	0.0	chr10.86261934.86262389
86262187	2	0.028499066829681396	chr10.86261934.86262389
86262187	3	0.022221386432647705	chr10.86261934.86262389
86262188	0	-0.008608758449554443	chr10.86261934.86262389
86262188	1	0.0	chr10.86261934.86262389
86262188	2	0.012582004070281982	chr10.86261934.86262389
86262188	3	-0.0026212334632873535	chr10.86261934.86262389
86262189	0	0.005082190036773682	chr10.86261934.86262389
86262189	1	0.009409427642822266	chr10.86261934.86262389
86262189	2	0.030613481998443604	chr10.86261934.86262389
86262189	3	0.0	chr10.86261934.86262389
86262190	0	-0.0023113489151000977	chr10.86261934.86262389
86262190	1	0.0	chr10.86261934.86262389
86262190	2	-0.0006023049354553223	chr10.86261934.86262389
86262190	3	0.0034869909286499023	chr10.86261934.86262389
86262191	0	0.0	chr10.86261934.86262389
86262191	1	0.022660255432128906	chr10.86261934.86262389
86262191	2	0.02103900909423828	chr10.86261934.86262389
86262191	3	0.01603013277053833	chr10.86261934.86262389
86262192	0	-0.018215835094451904	chr10.86261934.86262389
86262192	1	-0.0064733028411865234	chr10.86261934.86262389
86262192	2	0.0	chr10.86261934.86262389
86262192	3	-0.009568750858306885	chr10.86261934.86262389
86262193	0	-0.007132768630981445	chr10.86261934.86262389
86262193	1	0.0	chr10.86261934.86262389
86262193	2	-0.013987958431243896	chr10.86261934.86262389
86262193	3	-0.0157967209815979	chr10.86261934.86262389
86262194	0	0.0	chr10.86261934.86262389
86262194	1	0.01600116491317749	chr10.86261934.86262389
86262194	2	-0.021548211574554443	chr10.86261934.86262389
86262194	3	0.004774272441864014	chr10.86261934.86262389
86262195	0	-0.02197951078414917	chr10.86261934.86262389
86262195	1	-0.0159950852394104	chr10.86261934.86262389
86262195	2	0.0	chr10.86261934.86262389
86262195	3	-0.009335815906524658	chr10.86261934.86262389
86262196	0	-0.006184935569763184	chr10.86261934.86262389
86262196	1	0.0	chr10.86261934.86262389
86262196	2	0.013594090938568115	chr10.86261934.86262389
86262196	3	0.0018979907035827637	chr10.86261934.86262389
86262197	0	-0.010778844356536865	chr10.86261934.86262389
86262197	1	0.0	chr10.86261934.86262389
86262197	2	-0.002174079418182373	chr10.86261934.86262389
86262197	3	6.848573684692383e-05	chr10.86261934.86262389
86262198	0	-0.0021758079528808594	chr10.86261934.86262389
86262198	1	-0.0008672475814819336	chr10.86261934.86262389
86262198	2	0.027084171772003174	chr10.86261934.86262389
86262198	3	0.0	chr10.86261934.86262389
86262199	0	-0.007211446762084961	chr10.86261934.86262389
86262199	1	0.0	chr10.86261934.86262389
86262199	2	0.006841599941253662	chr10.86261934.86262389
86262199	3	-0.002415299415588379	chr10.86261934.86262389
86262200	0	-0.0056296586990356445	chr10.86261934.86262389
86262200	1	0.01805853843688965	chr10.86261934.86262389
86262200	2	0.01038670539855957	chr10.86261934.86262389
86262200	3	0.0	chr10.86261934.86262389
86262201	0	-0.02192366123199463	chr10.86261934.86262389
86262201	1	0.0	chr10.86261934.86262389
86262201	2	-0.006966531276702881	chr10.86261934.86262389
86262201	3	-0.01731693744659424	chr10.86261934.86262389
86262202	0	0.0017909407615661621	chr10.86261934.86262389
86262202	1	0.000507354736328125	chr10.86261934.86262389
86262202	2	0.0	chr10.86261934.86262389
86262202	3	-0.0066683292388916016	chr10.86261934.86262389
86262203	0	-0.018965601921081543	chr10.86261934.86262389
86262203	1	0.016658127307891846	chr10.86261934.86262389
86262203	2	0.0	chr10.86261934.86262389
86262203	3	-0.010298371315002441	chr10.86261934.86262389
86262204	0	0.0	chr10.86261934.86262389
86262204	1	0.01033627986907959	chr10.86261934.86262389
86262204	2	-0.00968790054321289	chr10.86261934.86262389
86262204	3	-0.0149308443069458	chr10.86261934.86262389
86262205	0	-0.009481310844421387	chr10.86261934.86262389
86262205	1	-0.02556157112121582	chr10.86261934.86262389
86262205	2	0.0	chr10.86261934.86262389
86262205	3	-0.004788219928741455	chr10.86261934.86262389
86262206	0	-0.006819248199462891	chr10.86261934.86262389
86262206	1	0.0	chr10.86261934.86262389
86262206	2	-0.01444154977798462	chr10.86261934.86262389
86262206	3	-0.008705675601959229	chr10.86261934.86262389
86262207	0	-0.01112288236618042	chr10.86261934.86262389
86262207	1	-0.0045378804206848145	chr10.86261934.86262389
86262207	2	0.002814948558807373	chr10.86261934.86262389
86262207	3	0.0	chr10.86261934.86262389
86262208	0	-0.01952815055847168	chr10.86261934.86262389
86262208	1	0.0	chr10.86261934.86262389
86262208	2	-0.004571437835693359	chr10.86261934.86262389
86262208	3	-0.0024982690811157227	chr10.86261934.86262389
86262209	0	0.007980108261108398	chr10.86261934.86262389
86262209	1	0.017637193202972412	chr10.86261934.86262389
86262209	2	0.024214088916778564	chr10.86261934.86262389
86262209	3	0.0	chr10.86261934.86262389
86262210	0	-0.029513657093048096	chr10.86261934.86262389
86262210	1	-0.0014641880989074707	chr10.86261934.86262389
86262210	2	0.0	chr10.86261934.86262389
86262210	3	-0.021025419235229492	chr10.86261934.86262389
86262211	0	-0.0022971034049987793	chr10.86261934.86262389
86262211	1	0.0	chr10.86261934.86262389
86262211	2	-0.031997501850128174	chr10.86261934.86262389
86262211	3	-0.0007730722427368164	chr10.86261934.86262389
86262212	0	-0.01880800724029541	chr10.86261934.86262389
86262212	1	-0.0012323260307312012	chr10.86261934.86262389
86262212	2	-0.008987665176391602	chr10.86261934.86262389
86262212	3	0.0	chr10.86261934.86262389
86262213	0	-0.01510775089263916	chr10.86261934.86262389
86262213	1	0.0	chr10.86261934.86262389
86262213	2	0.009923994541168213	chr10.86261934.86262389
86262213	3	-0.014751195907592773	chr10.86261934.86262389
86262214	0	-0.005196750164031982	chr10.86261934.86262389
86262214	1	0.0	chr10.86261934.86262389
86262214	2	0.0058762431144714355	chr10.86261934.86262389
86262214	3	0.004586398601531982	chr10.86261934.86262389
86262215	0	0.002929508686065674	chr10.86261934.86262389
86262215	1	0.005050301551818848	chr10.86261934.86262389
86262215	2	0.0213889479637146	chr10.86261934.86262389
86262215	3	0.0	chr10.86261934.86262389
86262216	0	0.0	chr10.86261934.86262389
86262216	1	0.002021312713623047	chr10.86261934.86262389
86262216	2	0.038472890853881836	chr10.86261934.86262389
86262216	3	0.007036328315734863	chr10.86261934.86262389
86262217	0	0.019593417644500732	chr10.86261934.86262389
86262217	1	0.0	chr10.86261934.86262389
86262217	2	-0.0049231648445129395	chr10.86261934.86262389
86262217	3	0.011111021041870117	chr10.86261934.86262389
86262218	0	-0.0019586682319641113	chr10.86261934.86262389
86262218	1	0.011595666408538818	chr10.86261934.86262389
86262218	2	0.004962027072906494	chr10.86261934.86262389
86262218	3	0.0	chr10.86261934.86262389
86262219	0	-0.015558898448944092	chr10.86261934.86262389
86262219	1	-0.0002777576446533203	chr10.86261934.86262389
86262219	2	0.0	chr10.86261934.86262389
86262219	3	-0.01153033971786499	chr10.86261934.86262389
86262220	0	0.0	chr10.86261934.86262389
86262220	1	-0.0006639361381530762	chr10.86261934.86262389
86262220	2	-0.037754833698272705	chr10.86261934.86262389
86262220	3	0.0035812854766845703	chr10.86261934.86262389
86262221	0	-0.011571824550628662	chr10.86261934.86262389
86262221	1	-0.023658692836761475	chr10.86261934.86262389
86262221	2	0.0	chr10.86261934.86262389
86262221	3	-0.0005638599395751953	chr10.86261934.86262389
86262222	0	-0.003138303756713867	chr10.86261934.86262389
86262222	1	0.0	chr10.86261934.86262389
86262222	2	-0.020139098167419434	chr10.86261934.86262389
86262222	3	-0.011498868465423584	chr10.86261934.86262389
86262223	0	0.004199087619781494	chr10.86261934.86262389
86262223	1	0.0	chr10.86261934.86262389
86262223	2	0.008267581462860107	chr10.86261934.86262389
86262223	3	0.011915028095245361	chr10.86261934.86262389
86262224	0	-0.003499627113342285	chr10.86261934.86262389
86262224	1	0.0	chr10.86261934.86262389
86262224	2	0.014701783657073975	chr10.86261934.86262389
86262224	3	-0.011957347393035889	chr10.86261934.86262389
86262225	0	0.0	chr10.86261934.86262389
86262225	1	0.011612892150878906	chr10.86261934.86262389
86262225	2	0.027007997035980225	chr10.86261934.86262389
86262225	3	0.005112409591674805	chr10.86261934.86262389
86262226	0	-0.019780099391937256	chr10.86261934.86262389
86262226	1	-0.01153707504272461	chr10.86261934.86262389
86262226	2	0.0	chr10.86261934.86262389
86262226	3	-0.02624034881591797	chr10.86261934.86262389
86262227	0	0.00702589750289917	chr10.86261934.86262389
86262227	1	0.007625281810760498	chr10.86261934.86262389
86262227	2	0.0	chr10.86261934.86262389
86262227	3	-0.0032464265823364258	chr10.86261934.86262389
86262228	0	0.0	chr10.86261934.86262389
86262228	1	0.012386620044708252	chr10.86261934.86262389
86262228	2	-0.002473294734954834	chr10.86261934.86262389
86262228	3	-0.033519744873046875	chr10.86261934.86262389
86262229	0	0.0	chr10.86261934.86262389
86262229	1	-0.006377518177032471	chr10.86261934.86262389
86262229	2	-0.026737332344055176	chr10.86261934.86262389
86262229	3	0.0003070831298828125	chr10.86261934.86262389
86262230	0	0.0006560087203979492	chr10.86261934.86262389
86262230	1	-0.015194952487945557	chr10.86261934.86262389
86262230	2	0.0	chr10.86261934.86262389
86262230	3	0.014119565486907959	chr10.86261934.86262389
86262231	0	-0.007821321487426758	chr10.86261934.86262389
86262231	1	0.0	chr10.86261934.86262389
86262231	2	0.0012621283531188965	chr10.86261934.86262389
86262231	3	-0.008279800415039062	chr10.86261934.86262389
86262232	0	-0.004449903964996338	chr10.86261934.86262389
86262232	1	0.0	chr10.86261934.86262389
86262232	2	-0.0012254714965820312	chr10.86261934.86262389
86262232	3	-0.008888423442840576	chr10.86261934.86262389
86262233	0	0.0	chr10.86261934.86262389
86262233	1	0.01972198486328125	chr10.86261934.86262389
86262233	2	0.010786235332489014	chr10.86261934.86262389
86262233	3	0.00457531213760376	chr10.86261934.86262389
86262234	0	-0.017192602157592773	chr10.86261934.86262389
86262234	1	-0.00690615177154541	chr10.86261934.86262389
86262234	2	0.0	chr10.86261934.86262389
86262234	3	-0.03334265947341919	chr10.86261934.86262389
86262235	0	0.001947939395904541	chr10.86261934.86262389
86262235	1	0.0570986270904541	chr10.86261934.86262389
86262235	2	0.0	chr10.86261934.86262389
86262235	3	-0.01148146390914917	chr10.86261934.86262389
86262236	0	-0.00797271728515625	chr10.86261934.86262389
86262236	1	0.0	chr10.86261934.86262389
86262236	2	-0.003351926803588867	chr10.86261934.86262389
86262236	3	-0.039160072803497314	chr10.86261934.86262389
86262237	0	0.0	chr10.86261934.86262389
86262237	1	-0.051889240741729736	chr10.86261934.86262389
86262237	2	-0.023267805576324463	chr10.86261934.86262389
86262237	3	-0.009657144546508789	chr10.86261934.86262389
86262238	0	0.0024420619010925293	chr10.86261934.86262389
86262238	1	0.0024350881576538086	chr10.86261934.86262389
86262238	2	0.0	chr10.86261934.86262389
86262238	3	-0.00868302583694458	chr10.86261934.86262389
86262239	0	0.0	chr10.86261934.86262389
86262239	1	-0.0017511248588562012	chr10.86261934.86262389
86262239	2	-0.006286740303039551	chr10.86261934.86262389
86262239	3	-0.008679032325744629	chr10.86261934.86262389
86262240	0	0.0	chr10.86261934.86262389
86262240	1	-0.012547552585601807	chr10.86261934.86262389
86262240	2	-0.00894862413406372	chr10.86261934.86262389
86262240	3	-0.016284823417663574	chr10.86261934.86262389
86262241	0	0.0	chr10.86261934.86262389
86262241	1	-0.025898873805999756	chr10.86261934.86262389
86262241	2	-0.0076247453689575195	chr10.86261934.86262389
86262241	3	0.00268399715423584	chr10.86261934.86262389
86262242	0	0.02720510959625244	chr10.86261934.86262389
86262242	1	0.0	chr10.86261934.86262389
86262242	2	0.015693962574005127	chr10.86261934.86262389
86262242	3	0.006982326507568359	chr10.86261934.86262389
86262243	0	0.05320793390274048	chr10.86261934.86262389
86262243	1	0.0	chr10.86261934.86262389
86262243	2	0.008184552192687988	chr10.86261934.86262389
86262243	3	0.006425023078918457	chr10.86261934.86262389
86262244	0	0.0	chr10.86261934.86262389
86262244	1	0.01557224988937378	chr10.86261934.86262389
86262244	2	0.03314018249511719	chr10.86261934.86262389
86262244	3	0.006695270538330078	chr10.86261934.86262389
86262245	0	0.0	chr10.86261934.86262389
86262245	1	0.00442129373550415	chr10.86261934.86262389
86262245	2	0.00944739580154419	chr10.86261934.86262389
86262245	3	-0.01375269889831543	chr10.86261934.86262389
86262246	0	0.007879137992858887	chr10.86261934.86262389
86262246	1	-0.034733355045318604	chr10.86261934.86262389
86262246	2	0.0	chr10.86261934.86262389
86262246	3	-0.012061715126037598	chr10.86261934.86262389
86262247	0	0.01459205150604248	chr10.86261934.86262389
86262247	1	0.0	chr10.86261934.86262389
86262247	2	-0.008231401443481445	chr10.86261934.86262389
86262247	3	-0.014320731163024902	chr10.86261934.86262389
86262248	0	0.0	chr10.86261934.86262389
86262248	1	-0.03377854824066162	chr10.86261934.86262389
86262248	2	-0.027596771717071533	chr10.86261934.86262389
86262248	3	-0.02826213836669922	chr10.86261934.86262389
86262249	0	-0.04615616798400879	chr10.86261934.86262389
86262249	1	0.0	chr10.86261934.86262389
86262249	2	-0.018118679523468018	chr10.86261934.86262389
86262249	3	-0.023168087005615234	chr10.86261934.86262389
86262250	0	0.0	chr10.86261934.86262389
86262250	1	-0.03550362586975098	chr10.86261934.86262389
86262250	2	-0.016859114170074463	chr10.86261934.86262389
86262250	3	-0.029095232486724854	chr10.86261934.86262389
86262251	0	0.0	chr10.86261934.86262389
86262251	1	0.007853388786315918	chr10.86261934.86262389
86262251	2	0.0006194710731506348	chr10.86261934.86262389
86262251	3	-0.009182393550872803	chr10.86261934.86262389
86262252	0	0.031251728534698486	chr10.86261934.86262389
86262252	1	0.009288132190704346	chr10.86261934.86262389
86262252	2	-0.01061946153640747	chr10.86261934.86262389
86262252	3	0.0	chr10.86261934.86262389
86262253	0	0.03666234016418457	chr10.86261934.86262389
86262253	1	0.020994484424591064	chr10.86261934.86262389
86262253	2	0.0	chr10.86261934.86262389
86262253	3	0.014910280704498291	chr10.86261934.86262389
86262254	0	-0.004928886890411377	chr10.86261934.86262389
86262254	1	0.001071333885192871	chr10.86261934.86262389
86262254	2	0.0	chr10.86261934.86262389
86262254	3	-0.003614366054534912	chr10.86261934.86262389
86262255	0	0.007270395755767822	chr10.86261934.86262389
86262255	1	0.0	chr10.86261934.86262389
86262255	2	0.0037400126457214355	chr10.86261934.86262389
86262255	3	-0.002677321434020996	chr10.86261934.86262389
86262256	0	-0.022308707237243652	chr10.86261934.86262389
86262256	1	0.00023555755615234375	chr10.86261934.86262389
86262256	2	-0.034104228019714355	chr10.86261934.86262389
86262256	3	0.0	chr10.86261934.86262389
86262257	0	-0.013558149337768555	chr10.86261934.86262389
86262257	1	0.0	chr10.86261934.86262389
86262257	2	-0.0036956071853637695	chr10.86261934.86262389
86262257	3	-0.0058746337890625	chr10.86261934.86262389
86262258	0	-0.025526225566864014	chr10.86261934.86262389
86262258	1	0.0	chr10.86261934.86262389
86262258	2	0.0005791783332824707	chr10.86261934.86262389
86262258	3	-0.009092450141906738	chr10.86261934.86262389
86262259	0	0.006572842597961426	chr10.86261934.86262389
86262259	1	0.023550450801849365	chr10.86261934.86262389
86262259	2	0.03424566984176636	chr10.86261934.86262389
86262259	3	0.0	chr10.86261934.86262389
86262260	0	-0.0038309693336486816	chr10.86261934.86262389
86262260	1	-0.005197703838348389	chr10.86261934.86262389
86262260	2	0.0	chr10.86261934.86262389
86262260	3	-0.005737006664276123	chr10.86261934.86262389
86262261	0	-0.009043455123901367	chr10.86261934.86262389
86262261	1	0.014662027359008789	chr10.86261934.86262389
86262261	2	0.0	chr10.86261934.86262389
86262261	3	-0.008587181568145752	chr10.86261934.86262389
86262262	0	0.0	chr10.86261934.86262389
86262262	1	0.0024350881576538086	chr10.86261934.86262389
86262262	2	0.0031723380088806152	chr10.86261934.86262389
86262262	3	-0.006595253944396973	chr10.86261934.86262389
86262263	0	-0.0013589859008789062	chr10.86261934.86262389
86262263	1	-0.0015808939933776855	chr10.86261934.86262389
86262263	2	0.0	chr10.86261934.86262389
86262263	3	0.0012753009796142578	chr10.86261934.86262389
86262264	0	0.028452277183532715	chr10.86261934.86262389
86262264	1	-8.481740951538086e-05	chr10.86261934.86262389
86262264	2	0.0	chr10.86261934.86262389
86262264	3	-0.00611346960067749	chr10.86261934.86262389
86262265	0	-0.0023963451385498047	chr10.86261934.86262389
86262265	1	0.0	chr10.86261934.86262389
86262265	2	0.013528048992156982	chr10.86261934.86262389
86262265	3	-0.0113716721534729	chr10.86261934.86262389
86262266	0	0.0	chr10.86261934.86262389
86262266	1	-0.029991209506988525	chr10.86261934.86262389
86262266	2	0.004888772964477539	chr10.86261934.86262389
86262266	3	0.004377901554107666	chr10.86261934.86262389
86262267	0	0.0	chr10.86261934.86262389
86262267	1	0.02687019109725952	chr10.86261934.86262389
86262267	2	0.0210840106010437	chr10.86261934.86262389
86262267	3	0.007871568202972412	chr10.86261934.86262389
86262268	0	0.025436222553253174	chr10.86261934.86262389
86262268	1	0.03167670965194702	chr10.86261934.86262389
86262268	2	0.013506829738616943	chr10.86261934.86262389
86262268	3	0.0	chr10.86261934.86262389
86262269	0	0.013781368732452393	chr10.86261934.86262389
86262269	1	0.032116830348968506	chr10.86261934.86262389
86262269	2	0.0	chr10.86261934.86262389
86262269	3	0.02756798267364502	chr10.86261934.86262389
86262270	0	-0.00018858909606933594	chr10.86261934.86262389
86262270	1	0.02283298969268799	chr10.86261934.86262389
86262270	2	0.0	chr10.86261934.86262389
86262270	3	0.012581050395965576	chr10.86261934.86262389
86262271	0	-0.007713675498962402	chr10.86261934.86262389
86262271	1	0.0	chr10.86261934.86262389
86262271	2	-0.008996129035949707	chr10.86261934.86262389
86262271	3	-0.011234283447265625	chr10.86261934.86262389
86262272	0	-0.001653432846069336	chr10.86261934.86262389
86262272	1	-0.009424746036529541	chr10.86261934.86262389
86262272	2	-0.02737736701965332	chr10.86261934.86262389
86262272	3	0.0	chr10.86261934.86262389
86262273	0	-0.019389569759368896	chr10.86261934.86262389
86262273	1	0.004056036472320557	chr10.86261934.86262389
86262273	2	0.0	chr10.86261934.86262389
86262273	3	0.01526874303817749	chr10.86261934.86262389
86262274	0	-0.010425746440887451	chr10.86261934.86262389
86262274	1	-0.0021448135375976562	chr10.86261934.86262389
86262274	2	0.010081052780151367	chr10.86261934.86262389
86262274	3	0.0	chr10.86261934.86262389
86262275	0	0.016777455806732178	chr10.86261934.86262389
86262275	1	0.0	chr10.86261934.86262389
86262275	2	0.018648803234100342	chr10.86261934.86262389
86262275	3	0.02548086643218994	chr10.86261934.86262389
86262276	0	-0.0006715059280395508	chr10.86261934.86262389
86262276	1	-0.009184122085571289	chr10.86261934.86262389
86262276	2	0.009520947933197021	chr10.86261934.86262389
86262276	3	0.0	chr10.86261934.86262389
86262277	0	-0.013171613216400146	chr10.86261934.86262389
86262277	1	0.00485074520111084	chr10.86261934.86262389
86262277	2	0.01558542251586914	chr10.86261934.86262389
86262277	3	0.0	chr10.86261934.86262389
86262278	0	4.094839096069336e-05	chr10.86261934.86262389
86262278	1	-0.02037501335144043	chr10.86261934.86262389
86262278	2	-0.00989997386932373	chr10.86261934.86262389
86262278	3	0.0	chr10.86261934.86262389
86262279	0	0.0	chr10.86261934.86262389
86262279	1	0.022359788417816162	chr10.86261934.86262389
86262279	2	-0.003785371780395508	chr10.86261934.86262389
86262279	3	0.02306145429611206	chr10.86261934.86262389
86262280	0	0.0	chr10.86261934.86262389
86262280	1	0.009761333465576172	chr10.86261934.86262389
86262280	2	0.001509249210357666	chr10.86261934.86262389
86262280	3	0.013477325439453125	chr10.86261934.86262389
86262281	0	0.01968538761138916	chr10.86261934.86262389
86262281	1	0.006857633590698242	chr10.86261934.86262389
86262281	2	0.0	chr10.86261934.86262389
86262281	3	0.02870333194732666	chr10.86261934.86262389
86262282	0	0.015555858612060547	chr10.86261934.86262389
86262282	1	0.010908424854278564	chr10.86261934.86262389
86262282	2	-0.0013248920440673828	chr10.86261934.86262389
86262282	3	0.0	chr10.86261934.86262389
86262283	0	-0.0023873448371887207	chr10.86261934.86262389
86262283	1	0.023105978965759277	chr10.86261934.86262389
86262283	2	0.012248814105987549	chr10.86261934.86262389
86262283	3	0.0	chr10.86261934.86262389
86262284	0	-0.028427600860595703	chr10.86261934.86262389
86262284	1	0.01236504316329956	chr10.86261934.86262389
86262284	2	-0.017140626907348633	chr10.86261934.86262389
86262284	3	0.0	chr10.86261934.86262389
86262285	0	0.026903390884399414	chr10.86261934.86262389
86262285	1	0.023436546325683594	chr10.86261934.86262389
86262285	2	0.0	chr10.86261934.86262389
86262285	3	0.025530099868774414	chr10.86261934.86262389
86262286	0	0.005553126335144043	chr10.86261934.86262389
86262286	1	0.02268660068511963	chr10.86261934.86262389
86262286	2	0.0	chr10.86261934.86262389
86262286	3	0.02009868621826172	chr10.86261934.86262389
86262287	0	0.0036347508430480957	chr10.86261934.86262389
86262287	1	0.0	chr10.86261934.86262389
86262287	2	-0.0020066499710083008	chr10.86261934.86262389
86262287	3	-0.0016400814056396484	chr10.86261934.86262389
86262288	0	0.04698389768600464	chr10.86261934.86262389
86262288	1	0.0	chr10.86261934.86262389
86262288	2	0.030755937099456787	chr10.86261934.86262389
86262288	3	0.032808125019073486	chr10.86261934.86262389
86262289	0	-0.013583958148956299	chr10.86261934.86262389
86262289	1	0.0	chr10.86261934.86262389
86262289	2	0.0252874493598938	chr10.86261934.86262389
86262289	3	-0.031719207763671875	chr10.86261934.86262389
86262290	0	0.0	chr10.86261934.86262389
86262290	1	0.023300647735595703	chr10.86261934.86262389
86262290	2	0.04563021659851074	chr10.86261934.86262389
86262290	3	-0.0006985068321228027	chr10.86261934.86262389
86262291	0	-0.005950570106506348	chr10.86261934.86262389
86262291	1	-0.0009031891822814941	chr10.86261934.86262389
86262291	2	0.0	chr10.86261934.86262389
86262291	3	-0.013215243816375732	chr10.86261934.86262389
86262292	0	0.0	chr10.86261934.86262389
86262292	1	0.0023482441902160645	chr10.86261934.86262389
86262292	2	-0.002000749111175537	chr10.86261934.86262389
86262292	3	-0.00787961483001709	chr10.86261934.86262389
86262293	0	0.016686558723449707	chr10.86261934.86262389
86262293	1	-0.030027806758880615	chr10.86261934.86262389
86262293	2	0.0	chr10.86261934.86262389
86262293	3	-0.018257319927215576	chr10.86261934.86262389
86262294	0	0.009193122386932373	chr10.86261934.86262389
86262294	1	0.0	chr10.86261934.86262389
86262294	2	0.006071686744689941	chr10.86261934.86262389
86262294	3	-0.004208862781524658	chr10.86261934.86262389
86262295	0	0.0	chr10.86261934.86262389
86262295	1	0.039427757263183594	chr10.86261934.86262389
86262295	2	0.007001161575317383	chr10.86261934.86262389
86262295	3	-0.0025748610496520996	chr10.86261934.86262389
86262296	0	0.0	chr10.86261934.86262389
86262296	1	0.016948461532592773	chr10.86261934.86262389
86262296	2	0.0062064528465271	chr10.86261934.86262389
86262296	3	-0.004877150058746338	chr10.86261934.86262389
86262297	0	0.0	chr10.86261934.86262389
86262297	1	-0.0018863081932067871	chr10.86261934.86262389
86262297	2	-0.02845180034637451	chr10.86261934.86262389
86262297	3	0.0016525983810424805	chr10.86261934.86262389
86262298	0	-0.004376888275146484	chr10.86261934.86262389
86262298	1	-0.012739181518554688	chr10.86261934.86262389
86262298	2	0.0	chr10.86261934.86262389
86262298	3	-0.00415647029876709	chr10.86261934.86262389
86262299	0	0.00509566068649292	chr10.86261934.86262389
86262299	1	0.0	chr10.86261934.86262389
86262299	2	0.0088425874710083	chr10.86261934.86262389
86262299	3	-0.015711069107055664	chr10.86261934.86262389
86262300	0	0.01624959707260132	chr10.86261934.86262389
86262300	1	0.0	chr10.86261934.86262389
86262300	2	0.012891054153442383	chr10.86261934.86262389
86262300	3	0.009768664836883545	chr10.86261934.86262389
86262301	0	0.0	chr10.86261934.86262389
86262301	1	0.009439826011657715	chr10.86261934.86262389
86262301	2	0.02136021852493286	chr10.86261934.86262389
86262301	3	0.0036986470222473145	chr10.86261934.86262389
86262302	0	0.0	chr10.86261934.86262389
86262302	1	0.014478445053100586	chr10.86261934.86262389
86262302	2	0.013359367847442627	chr10.86261934.86262389
86262302	3	-0.007417738437652588	chr10.86261934.86262389
86262303	0	-0.0017613768577575684	chr10.86261934.86262389
86262303	1	-0.008282601833343506	chr10.86261934.86262389
86262303	2	0.0	chr10.86261934.86262389
86262303	3	-0.005821824073791504	chr10.86261934.86262389
86262304	0	-0.00843435525894165	chr10.86261934.86262389
86262304	1	0.0	chr10.86261934.86262389
86262304	2	-0.014443457126617432	chr10.86261934.86262389
86262304	3	-0.008714437484741211	chr10.86261934.86262389
86262305	0	0.005518436431884766	chr10.86261934.86262389
86262305	1	0.012186408042907715	chr10.86261934.86262389
86262305	2	0.008227705955505371	chr10.86261934.86262389
86262305	3	0.0	chr10.86261934.86262389
86262306	0	-0.0007352828979492188	chr10.86261934.86262389
86262306	1	0.0	chr10.86261934.86262389
86262306	2	0.004034578800201416	chr10.86261934.86262389
86262306	3	0.008950233459472656	chr10.86261934.86262389
86262307	0	-0.003689885139465332	chr10.86261934.86262389
86262307	1	0.01931077241897583	chr10.86261934.86262389
86262307	2	0.009979248046875	chr10.86261934.86262389
86262307	3	0.0	chr10.86261934.86262389
86262308	0	-0.005511581897735596	chr10.86261934.86262389
86262308	1	0.0	chr10.86261934.86262389
86262308	2	0.011292517185211182	chr10.86261934.86262389
86262308	3	-0.002371370792388916	chr10.86261934.86262389
86262309	0	-0.005295932292938232	chr10.86261934.86262389
86262309	1	0.0	chr10.86261934.86262389
86262309	2	0.002834796905517578	chr10.86261934.86262389
86262309	3	-0.0005096197128295898	chr10.86261934.86262389
86262310	0	0.0	chr10.86261934.86262389
86262310	1	0.017044126987457275	chr10.86261934.86262389
86262310	2	0.022898495197296143	chr10.86261934.86262389
86262310	3	0.010624825954437256	chr10.86261934.86262389
86262311	0	-0.009453058242797852	chr10.86261934.86262389
86262311	1	0.0	chr10.86261934.86262389
86262311	2	0.005715548992156982	chr10.86261934.86262389
86262311	3	-0.0026798248291015625	chr10.86261934.86262389
86262312	0	0.01221853494644165	chr10.86261934.86262389
86262312	1	0.011912107467651367	chr10.86261934.86262389
86262312	2	0.020658493041992188	chr10.86261934.86262389
86262312	3	0.0	chr10.86261934.86262389
86262313	0	-0.001562356948852539	chr10.86261934.86262389
86262313	1	0.0012024641036987305	chr10.86261934.86262389
86262313	2	0.0	chr10.86261934.86262389
86262313	3	-0.0014246702194213867	chr10.86261934.86262389
86262314	0	0.0	chr10.86261934.86262389
86262314	1	0.017968952655792236	chr10.86261934.86262389
86262314	2	0.008082032203674316	chr10.86261934.86262389
86262314	3	0.011328160762786865	chr10.86261934.86262389
86262315	0	0.014286637306213379	chr10.86261934.86262389
86262315	1	0.0030301809310913086	chr10.86261934.86262389
86262315	2	0.0	chr10.86261934.86262389
86262315	3	-0.005223572254180908	chr10.86261934.86262389
86262316	0	0.0	chr10.86261934.86262389
86262316	1	0.0035597681999206543	chr10.86261934.86262389
86262316	2	-0.006807088851928711	chr10.86261934.86262389
86262316	3	0.0015077590942382812	chr10.86261934.86262389
86262317	0	0.00898754596710205	chr10.86261934.86262389
86262317	1	0.003063797950744629	chr10.86261934.86262389
86262317	2	0.006519794464111328	chr10.86261934.86262389
86262317	3	0.0	chr10.86261934.86262389
86262318	0	-0.002264559268951416	chr10.86261934.86262389
86262318	1	0.0018386244773864746	chr10.86261934.86262389
86262318	2	0.003333568572998047	chr10.86261934.86262389
86262318	3	0.0	chr10.86261934.86262389
86262319	0	-0.012274622917175293	chr10.86261934.86262389
86262319	1	0.0	chr10.86261934.86262389
86262319	2	-0.010531008243560791	chr10.86261934.86262389
86262319	3	0.003678739070892334	chr10.86261934.86262389
86262320	0	0.007387876510620117	chr10.86261934.86262389
86262320	1	0.013497889041900635	chr10.86261934.86262389
86262320	2	0.00803375244140625	chr10.86261934.86262389
86262320	3	0.0	chr10.86261934.86262389
86262321	0	0.008676588535308838	chr10.86261934.86262389
86262321	1	-0.0005804896354675293	chr10.86261934.86262389
86262321	2	0.0	chr10.86261934.86262389
86262321	3	-0.0003287792205810547	chr10.86261934.86262389
86262322	0	0.0	chr10.86261934.86262389
86262322	1	0.014492988586425781	chr10.86261934.86262389
86262322	2	0.0034127235412597656	chr10.86261934.86262389
86262322	3	0.010155141353607178	chr10.86261934.86262389
86262323	0	0.004194200038909912	chr10.86261934.86262389
86262323	1	0.0058637261390686035	chr10.86261934.86262389
86262323	2	0.006689667701721191	chr10.86261934.86262389
86262323	3	0.0	chr10.86261934.86262389
86262324	0	-0.005174517631530762	chr10.86261934.86262389
86262324	1	0.0	chr10.86261934.86262389
86262324	2	0.00439298152923584	chr10.86261934.86262389
86262324	3	0.002982616424560547	chr10.86261934.86262389
86262325	0	0.0007803440093994141	chr10.86261934.86262389
86262325	1	0.0	chr10.86261934.86262389
86262325	2	0.0018224716186523438	chr10.86261934.86262389
86262325	3	0.0018066167831420898	chr10.86261934.86262389
86262326	0	-0.001646578311920166	chr10.86261934.86262389
86262326	1	0.0	chr10.86261934.86262389
86262326	2	0.006400406360626221	chr10.86261934.86262389
86262326	3	0.0022678375244140625	chr10.86261934.86262389
86262327	0	0.0	chr10.86261934.86262389
86262327	1	0.022510111331939697	chr10.86261934.86262389
86262327	2	0.017636597156524658	chr10.86261934.86262389
86262327	3	0.014346539974212646	chr10.86261934.86262389
86262328	0	-0.00228273868560791	chr10.86261934.86262389
86262328	1	0.0	chr10.86261934.86262389
86262328	2	0.016726434230804443	chr10.86261934.86262389
86262328	3	-0.003134012222290039	chr10.86261934.86262389
86262329	0	0.00721508264541626	chr10.86261934.86262389
86262329	1	0.0	chr10.86261934.86262389
86262329	2	0.009115636348724365	chr10.86261934.86262389
86262329	3	-0.0002931952476501465	chr10.86261934.86262389
86262330	0	-0.00871342420578003	chr10.86261934.86262389
86262330	1	0.0	chr10.86261934.86262389
86262330	2	0.00102156400680542	chr10.86261934.86262389
86262330	3	-0.01122957468032837	chr10.86261934.86262389
86262331	0	0.0	chr10.86261934.86262389
86262331	1	0.016877591609954834	chr10.86261934.86262389
86262331	2	0.007916927337646484	chr10.86261934.86262389
86262331	3	0.013310015201568604	chr10.86261934.86262389
86262332	0	-0.01608896255493164	chr10.86261934.86262389
86262332	1	0.0038238167762756348	chr10.86261934.86262389
86262332	2	0.0	chr10.86261934.86262389
86262332	3	-0.00834047794342041	chr10.86261934.86262389
86262333	0	-0.005690097808837891	chr10.86261934.86262389
86262333	1	0.0	chr10.86261934.86262389
86262333	2	0.005534768104553223	chr10.86261934.86262389
86262333	3	-0.0027006864547729492	chr10.86261934.86262389
86262334	0	-0.0027573108673095703	chr10.86261934.86262389
86262334	1	0.0	chr10.86261934.86262389
86262334	2	0.004629373550415039	chr10.86261934.86262389
86262334	3	-0.0074478983879089355	chr10.86261934.86262389
86262335	0	0.0	chr10.86261934.86262389
86262335	1	0.021534860134124756	chr10.86261934.86262389
86262335	2	0.013271152973175049	chr10.86261934.86262389
86262335	3	-0.0015100836753845215	chr10.86261934.86262389
86262336	0	-0.012781202793121338	chr10.86261934.86262389
86262336	1	0.0009194016456604004	chr10.86261934.86262389
86262336	2	0.0	chr10.86261934.86262389
86262336	3	-0.012757599353790283	chr10.86261934.86262389
86262337	0	-0.008067071437835693	chr10.86261934.86262389
86262337	1	0.008132338523864746	chr10.86261934.86262389
86262337	2	0.0	chr10.86261934.86262389
86262337	3	-0.010902583599090576	chr10.86261934.86262389
86262338	0	-0.006215989589691162	chr10.86261934.86262389
86262338	1	0.006456494331359863	chr10.86261934.86262389
86262338	2	0.0	chr10.86261934.86262389
86262338	3	-0.007673203945159912	chr10.86261934.86262389
86262339	0	-0.00419926643371582	chr10.86261934.86262389
86262339	1	-0.028759241104125977	chr10.86261934.86262389
86262339	2	0.0	chr10.86261934.86262389
86262339	3	-0.0118141770362854	chr10.86261934.86262389
86262340	0	0.004129767417907715	chr10.86261934.86262389
86262340	1	0.0	chr10.86261934.86262389
86262340	2	0.0010306239128112793	chr10.86261934.86262389
86262340	3	-0.00535893440246582	chr10.86261934.86262389
86262341	0	0.001254439353942871	chr10.86261934.86262389
86262341	1	-0.0370023250579834	chr10.86261934.86262389
86262341	2	0.007003366947174072	chr10.86261934.86262389
86262341	3	0.0	chr10.86261934.86262389
86262342	0	0.0004684329032897949	chr10.86261934.86262389
86262342	1	0.007052481174468994	chr10.86261934.86262389
86262342	2	0.006010174751281738	chr10.86261934.86262389
86262342	3	0.0	chr10.86261934.86262389
86262343	0	0.0	chr10.86261934.86262389
86262343	1	0.012586593627929688	chr10.86261934.86262389
86262343	2	0.00909334421157837	chr10.86261934.86262389
86262343	3	0.011236011981964111	chr10.86261934.86262389
86262344	0	0.009893357753753662	chr10.86261934.86262389
86262344	1	0.0	chr10.86261934.86262389
86262344	2	-6.204843521118164e-05	chr10.86261934.86262389
86262344	3	0.008989334106445312	chr10.86261934.86262389
86262345	0	0.0014549493789672852	chr10.86261934.86262389
86262345	1	0.015314638614654541	chr10.86261934.86262389
86262345	2	0.015625417232513428	chr10.86261934.86262389
86262345	3	0.0	chr10.86261934.86262389
86262346	0	0.0	chr10.86261934.86262389
86262346	1	0.024107277393341064	chr10.86261934.86262389
86262346	2	0.029299437999725342	chr10.86261934.86262389
86262346	3	0.015129804611206055	chr10.86261934.86262389
86262347	0	-0.00028645992279052734	chr10.86261934.86262389
86262347	1	0.014950215816497803	chr10.86261934.86262389
86262347	2	0.0	chr10.86261934.86262389
86262347	3	-0.006997525691986084	chr10.86261934.86262389
86262348	0	-0.008806586265563965	chr10.86261934.86262389
86262348	1	6.031990051269531e-05	chr10.86261934.86262389
86262348	2	0.0	chr10.86261934.86262389
86262348	3	-0.006912887096405029	chr10.86261934.86262389
86262349	0	-0.001562356948852539	chr10.86261934.86262389
86262349	1	0.0	chr10.86261934.86262389
86262349	2	-0.0017263293266296387	chr10.86261934.86262389
86262349	3	-0.008220434188842773	chr10.86261934.86262389
86262350	0	0.0	chr10.86261934.86262389
86262350	1	-0.027061522006988525	chr10.86261934.86262389
86262350	2	0.01699388027191162	chr10.86261934.86262389
86262350	3	0.0013104081153869629	chr10.86261934.86262389
86262351	0	-0.00853508710861206	chr10.86261934.86262389
86262351	1	0.0	chr10.86261934.86262389
86262351	2	0.0037385225296020508	chr10.86261934.86262389
86262351	3	-0.00871896743774414	chr10.86261934.86262389
86262352	0	-0.003953099250793457	chr10.86261934.86262389
86262352	1	0.02391880750656128	chr10.86261934.86262389
86262352	2	0.010918676853179932	chr10.86261934.86262389
86262352	3	0.0	chr10.86261934.86262389
86262353	0	0.0030179619789123535	chr10.86261934.86262389
86262353	1	0.016229748725891113	chr10.86261934.86262389
86262353	2	0.0	chr10.86261934.86262389
86262353	3	0.004733920097351074	chr10.86261934.86262389
86262354	0	-0.002436220645904541	chr10.86261934.86262389
86262354	1	0.010922908782958984	chr10.86261934.86262389
86262354	2	0.0	chr10.86261934.86262389
86262354	3	-0.0002167224884033203	chr10.86261934.86262389
86262355	0	-0.004917621612548828	chr10.86261934.86262389
86262355	1	0.0	chr10.86261934.86262389
86262355	2	0.004368185997009277	chr10.86261934.86262389
86262355	3	-0.0017618536949157715	chr10.86261934.86262389
86262356	0	-0.006203830242156982	chr10.86261934.86262389
86262356	1	0.0	chr10.86261934.86262389
86262356	2	0.010062098503112793	chr10.86261934.86262389
86262356	3	-0.013077020645141602	chr10.86261934.86262389
86262357	0	0.0	chr10.86261934.86262389
86262357	1	0.016399741172790527	chr10.86261934.86262389
86262357	2	0.02158576250076294	chr10.86261934.86262389
86262357	3	0.0003387331962585449	chr10.86261934.86262389
86262358	0	-0.006986439228057861	chr10.86261934.86262389
86262358	1	0.015545666217803955	chr10.86261934.86262389
86262358	2	0.0	chr10.86261934.86262389
86262358	3	-0.0044457316398620605	chr10.86261934.86262389
86262359	0	0.0	chr10.86261934.86262389
86262359	1	0.008788466453552246	chr10.86261934.86262389
86262359	2	-0.011205852031707764	chr10.86261934.86262389
86262359	3	0.00370103120803833	chr10.86261934.86262389
86262360	0	-0.005437254905700684	chr10.86261934.86262389
86262360	1	0.0	chr10.86261934.86262389
86262360	2	0.004659414291381836	chr10.86261934.86262389
86262360	3	-0.004288077354431152	chr10.86261934.86262389
86262361	0	-0.002647697925567627	chr10.86261934.86262389
86262361	1	0.0	chr10.86261934.86262389
86262361	2	0.006564497947692871	chr10.86261934.86262389
86262361	3	-5.4836273193359375e-05	chr10.86261934.86262389
86262362	0	-0.005130767822265625	chr10.86261934.86262389
86262362	1	0.008855104446411133	chr10.86261934.86262389
86262362	2	0.01225125789642334	chr10.86261934.86262389
86262362	3	0.0	chr10.86261934.86262389
86262363	0	0.00014531612396240234	chr10.86261934.86262389
86262363	1	0.01576608419418335	chr10.86261934.86262389
86262363	2	0.008510231971740723	chr10.86261934.86262389
86262363	3	0.0	chr10.86261934.86262389
86262364	0	-0.006812632083892822	chr10.86261934.86262389
86262364	1	0.020711839199066162	chr10.86261934.86262389
86262364	2	0.0	chr10.86261934.86262389
86262364	3	0.008320510387420654	chr10.86261934.86262389
86262365	0	-0.002866506576538086	chr10.86261934.86262389
86262365	1	0.009729146957397461	chr10.86261934.86262389
86262365	2	0.0	chr10.86261934.86262389
86262365	3	0.005663573741912842	chr10.86261934.86262389
86262366	0	-0.0017995238304138184	chr10.86261934.86262389
86262366	1	-0.004046618938446045	chr10.86261934.86262389
86262366	2	0.0	chr10.86261934.86262389
86262366	3	-0.010929703712463379	chr10.86261934.86262389
86262367	0	-0.005045771598815918	chr10.86261934.86262389
86262367	1	0.0	chr10.86261934.86262389
86262367	2	0.006733298301696777	chr10.86261934.86262389
86262367	3	-0.005246520042419434	chr10.86261934.86262389
86262368	0	0.0	chr10.86261934.86262389
86262368	1	0.0032858848571777344	chr10.86261934.86262389
86262368	2	0.010518908500671387	chr10.86261934.86262389
86262368	3	0.001564621925354004	chr10.86261934.86262389
86262369	0	0.0008597970008850098	chr10.86261934.86262389
86262369	1	0.0	chr10.86261934.86262389
86262369	2	0.01080864667892456	chr10.86261934.86262389
86262369	3	0.00373762845993042	chr10.86261934.86262389
86262370	0	0.005795419216156006	chr10.86261934.86262389
86262370	1	0.0	chr10.86261934.86262389
86262370	2	0.018604040145874023	chr10.86261934.86262389
86262370	3	-0.0005064606666564941	chr10.86261934.86262389
86262371	0	-0.0029610395431518555	chr10.86261934.86262389
86262371	1	0.0	chr10.86261934.86262389
86262371	2	0.014968514442443848	chr10.86261934.86262389
86262371	3	-0.0015742182731628418	chr10.86261934.86262389
86262372	0	0.0	chr10.86261934.86262389
86262372	1	0.016320645809173584	chr10.86261934.86262389
86262372	2	0.01940256357192993	chr10.86261934.86262389
86262372	3	0.0059853196144104	chr10.86261934.86262389
86262373	0	-0.008421003818511963	chr10.86261934.86262389
86262373	1	-0.002710580825805664	chr10.86261934.86262389
86262373	2	0.0	chr10.86261934.86262389
86262373	3	-0.009417831897735596	chr10.86261934.86262389
86262374	0	0.002393007278442383	chr10.86261934.86262389
86262374	1	-0.0016175508499145508	chr10.86261934.86262389
86262374	2	0.0	chr10.86261934.86262389
86262374	3	-0.0029445290565490723	chr10.86261934.86262389
86262375	0	0.0	chr10.86261934.86262389
86262375	1	0.006485462188720703	chr10.86261934.86262389
86262375	2	0.009204328060150146	chr10.86261934.86262389
86262375	3	-0.004899263381958008	chr10.86261934.86262389
86262376	0	0.0	chr10.86261934.86262389
86262376	1	0.012707829475402832	chr10.86261934.86262389
86262376	2	0.010039865970611572	chr10.86261934.86262389
86262376	3	-0.0012784004211425781	chr10.86261934.86262389
86262377	0	0.00020319223403930664	chr10.86261934.86262389
86262377	1	0.01003330945968628	chr10.86261934.86262389
86262377	2	0.0	chr10.86261934.86262389
86262377	3	-0.006352424621582031	chr10.86261934.86262389
86262378	0	-0.003121674060821533	chr10.86261934.86262389
86262378	1	0.007271289825439453	chr10.86261934.86262389
86262378	2	0.0	chr10.86261934.86262389
86262378	3	-0.0011500716209411621	chr10.86261934.86262389
86262379	0	-0.005505919456481934	chr10.86261934.86262389
86262379	1	0.001338660717010498	chr10.86261934.86262389
86262379	2	0.0	chr10.86261934.86262389
86262379	3	-0.008797764778137207	chr10.86261934.86262389
86262380	0	0.0	chr10.86261934.86262389
86262380	1	0.013413310050964355	chr10.86261934.86262389
86262380	2	0.006345987319946289	chr10.86261934.86262389
86262380	3	4.6193599700927734e-05	chr10.86261934.86262389
86262381	0	0.000512242317199707	chr10.86261934.86262389
86262381	1	0.009537100791931152	chr10.86261934.86262389
86262381	2	0.0	chr10.86261934.86262389
86262381	3	0.0009690523147583008	chr10.86261934.86262389
86262382	0	-0.010351419448852539	chr10.86261934.86262389
86262382	1	0.0039825439453125	chr10.86261934.86262389
86262382	2	0.0	chr10.86261934.86262389
86262382	3	-0.0031759142875671387	chr10.86261934.86262389
86262383	0	0.0022066831588745117	chr10.86261934.86262389
86262383	1	0.0	chr10.86261934.86262389
86262383	2	0.006984591484069824	chr10.86261934.86262389
86262383	3	-0.004836857318878174	chr10.86261934.86262389
86262384	0	0.004828214645385742	chr10.86261934.86262389
86262384	1	-0.00962376594543457	chr10.86261934.86262389
86262384	2	0.011288106441497803	chr10.86261934.86262389
86262384	3	0.0	chr10.86261934.86262389
86262385	0	0.001165628433227539	chr10.86261934.86262389
86262385	1	0.008880317211151123	chr10.86261934.86262389
86262385	2	0.003950953483581543	chr10.86261934.86262389
86262385	3	0.0	chr10.86261934.86262389
86262386	0	0.001910388469696045	chr10.86261934.86262389
86262386	1	0.0037268400192260742	chr10.86261934.86262389
86262386	2	0.0017775297164916992	chr10.86261934.86262389
86262386	3	0.0	chr10.86261934.86262389
86262387	0	0.0	chr10.86261934.86262389
86262387	1	0.00464022159576416	chr10.86261934.86262389
86262387	2	0.014722108840942383	chr10.86261934.86262389
86262387	3	0.005077719688415527	chr10.86261934.86262389
86262388	0	0.0048601627349853516	chr10.86261934.86262389
86262388	1	0.0019034147262573242	chr10.86261934.86262389
86262388	2	0.004737734794616699	chr10.86261934.86262389
86262388	3	0.0	chr10.86261934.86262389
