Position	Mutation	Amplitude	Name
40266842	0	0.0	chr15.40266842.40267256
40266842	1	-0.11054801940917969	chr15.40266842.40267256
40266842	2	0.11208105087280273	chr15.40266842.40267256
40266842	3	0.07491636276245117	chr15.40266842.40267256
40266843	0	-0.08420896530151367	chr15.40266842.40267256
40266843	1	0.13611459732055664	chr15.40266842.40267256
40266843	2	0.0	chr15.40266842.40267256
40266843	3	-0.28768301010131836	chr15.40266842.40267256
40266844	0	0.0	chr15.40266842.40267256
40266844	1	0.0003108978271484375	chr15.40266842.40267256
40266844	2	-0.16388177871704102	chr15.40266842.40267256
40266844	3	0.7357883453369141	chr15.40266842.40267256
40266845	0	0.0	chr15.40266842.40267256
40266845	1	0.18853187561035156	chr15.40266842.40267256
40266845	2	-0.031978607177734375	chr15.40266842.40267256
40266845	3	-0.35559630393981934	chr15.40266842.40267256
40266846	0	0.0	chr15.40266842.40267256
40266846	1	0.07979965209960938	chr15.40266842.40267256
40266846	2	-0.12955522537231445	chr15.40266842.40267256
40266846	3	-0.08117437362670898	chr15.40266842.40267256
40266847	0	0.014859199523925781	chr15.40266842.40267256
40266847	1	0.1235661506652832	chr15.40266842.40267256
40266847	2	0.0	chr15.40266842.40267256
40266847	3	0.018779754638671875	chr15.40266842.40267256
40266848	0	0.022600173950195312	chr15.40266842.40267256
40266848	1	0.2364950180053711	chr15.40266842.40267256
40266848	2	0.0	chr15.40266842.40267256
40266848	3	-0.08126974105834961	chr15.40266842.40267256
40266849	0	0.0	chr15.40266842.40267256
40266849	1	-0.05606555938720703	chr15.40266842.40267256
40266849	2	-0.06359100341796875	chr15.40266842.40267256
40266849	3	-0.568634033203125	chr15.40266842.40267256
40266850	0	0.0	chr15.40266842.40267256
40266850	1	-0.07166385650634766	chr15.40266842.40267256
40266850	2	0.09473371505737305	chr15.40266842.40267256
40266850	3	-0.09580612182617188	chr15.40266842.40267256
40266851	0	0.0	chr15.40266842.40267256
40266851	1	0.047496795654296875	chr15.40266842.40267256
40266851	2	0.012912750244140625	chr15.40266842.40267256
40266851	3	0.029546260833740234	chr15.40266842.40267256
40266852	0	-0.3394629955291748	chr15.40266842.40267256
40266852	1	0.39941978454589844	chr15.40266842.40267256
40266852	2	0.0	chr15.40266842.40267256
40266852	3	0.5737400054931641	chr15.40266842.40267256
40266853	0	0.13758468627929688	chr15.40266842.40267256
40266853	1	0.27826976776123047	chr15.40266842.40267256
40266853	2	0.0	chr15.40266842.40267256
40266853	3	0.21963977813720703	chr15.40266842.40267256
40266854	0	-0.08351850509643555	chr15.40266842.40267256
40266854	1	0.14068269729614258	chr15.40266842.40267256
40266854	2	0.0	chr15.40266842.40267256
40266854	3	-0.13698148727416992	chr15.40266842.40267256
40266855	0	0.008584976196289062	chr15.40266842.40267256
40266855	1	-0.08664464950561523	chr15.40266842.40267256
40266855	2	0.47981882095336914	chr15.40266842.40267256
40266855	3	0.0	chr15.40266842.40267256
40266856	0	-0.015494346618652344	chr15.40266842.40267256
40266856	1	-0.10562801361083984	chr15.40266842.40267256
40266856	2	0.0	chr15.40266842.40267256
40266856	3	0.36126041412353516	chr15.40266842.40267256
40266857	0	0.0	chr15.40266842.40267256
40266857	1	-0.1442861557006836	chr15.40266842.40267256
40266857	2	0.22679805755615234	chr15.40266842.40267256
40266857	3	-0.0374755859375	chr15.40266842.40267256
40266858	0	0.0	chr15.40266842.40267256
40266858	1	0.16246461868286133	chr15.40266842.40267256
40266858	2	-0.009777545928955078	chr15.40266842.40267256
40266858	3	-0.13522911071777344	chr15.40266842.40267256
40266859	0	0.19039440155029297	chr15.40266842.40267256
40266859	1	-0.004366874694824219	chr15.40266842.40267256
40266859	2	0.0	chr15.40266842.40267256
40266859	3	0.20904064178466797	chr15.40266842.40267256
40266860	0	0.10192298889160156	chr15.40266842.40267256
40266860	1	0.16817283630371094	chr15.40266842.40267256
40266860	2	0.0	chr15.40266842.40267256
40266860	3	0.09949207305908203	chr15.40266842.40267256
40266861	0	-0.39975786209106445	chr15.40266842.40267256
40266861	1	-0.1846027374267578	chr15.40266842.40267256
40266861	2	0.0	chr15.40266842.40267256
40266861	3	-0.547454833984375	chr15.40266842.40267256
40266862	0	0.0	chr15.40266842.40267256
40266862	1	0.008761882781982422	chr15.40266842.40267256
40266862	2	-0.0426793098449707	chr15.40266842.40267256
40266862	3	-0.5447521209716797	chr15.40266842.40267256
40266863	0	0.4215230941772461	chr15.40266842.40267256
40266863	1	0.4934210777282715	chr15.40266842.40267256
40266863	2	0.0	chr15.40266842.40267256
40266863	3	0.1748647689819336	chr15.40266842.40267256
40266864	0	-0.37145137786865234	chr15.40266842.40267256
40266864	1	0.0	chr15.40266842.40267256
40266864	2	0.02993297576904297	chr15.40266842.40267256
40266864	3	0.0009098052978515625	chr15.40266842.40267256
40266865	0	-0.1937718391418457	chr15.40266842.40267256
40266865	1	0.0	chr15.40266842.40267256
40266865	2	-0.3512296676635742	chr15.40266842.40267256
40266865	3	0.10697603225708008	chr15.40266842.40267256
40266866	0	-0.5352268218994141	chr15.40266842.40267256
40266866	1	0.0	chr15.40266842.40267256
40266866	2	-0.3869483470916748	chr15.40266842.40267256
40266866	3	-0.4158613681793213	chr15.40266842.40267256
40266867	0	-0.03518819808959961	chr15.40266842.40267256
40266867	1	0.0	chr15.40266842.40267256
40266867	2	-0.32738828659057617	chr15.40266842.40267256
40266867	3	-0.42312049865722656	chr15.40266842.40267256
40266868	0	-0.31011319160461426	chr15.40266842.40267256
40266868	1	0.0	chr15.40266842.40267256
40266868	2	-0.20516204833984375	chr15.40266842.40267256
40266868	3	0.2828969955444336	chr15.40266842.40267256
40266869	0	-0.2667422294616699	chr15.40266842.40267256
40266869	1	-0.2781543731689453	chr15.40266842.40267256
40266869	2	0.0	chr15.40266842.40267256
40266869	3	-0.6150732040405273	chr15.40266842.40267256
40266870	0	-0.6710023880004883	chr15.40266842.40267256
40266870	1	-0.021149635314941406	chr15.40266842.40267256
40266870	2	-0.47757887840270996	chr15.40266842.40267256
40266870	3	0.0	chr15.40266842.40267256
40266871	0	-0.4715259075164795	chr15.40266842.40267256
40266871	1	-0.41168642044067383	chr15.40266842.40267256
40266871	2	0.0	chr15.40266842.40267256
40266871	3	-0.13535165786743164	chr15.40266842.40267256
40266872	0	-0.16773605346679688	chr15.40266842.40267256
40266872	1	-0.19374704360961914	chr15.40266842.40267256
40266872	2	0.0	chr15.40266842.40267256
40266872	3	0.04836130142211914	chr15.40266842.40267256
40266873	0	-0.02591991424560547	chr15.40266842.40267256
40266873	1	-0.14166927337646484	chr15.40266842.40267256
40266873	2	-0.31856298446655273	chr15.40266842.40267256
40266873	3	0.0	chr15.40266842.40267256
40266874	0	-0.3117654323577881	chr15.40266842.40267256
40266874	1	-0.14064407348632812	chr15.40266842.40267256
40266874	2	0.0	chr15.40266842.40267256
40266874	3	0.20464849472045898	chr15.40266842.40267256
40266875	0	0.0	chr15.40266842.40267256
40266875	1	-0.38538384437561035	chr15.40266842.40267256
40266875	2	-0.45242738723754883	chr15.40266842.40267256
40266875	3	0.059505462646484375	chr15.40266842.40267256
40266876	0	0.06859588623046875	chr15.40266842.40267256
40266876	1	0.0	chr15.40266842.40267256
40266876	2	0.08705663681030273	chr15.40266842.40267256
40266876	3	-0.08955526351928711	chr15.40266842.40267256
40266877	0	0.0	chr15.40266842.40267256
40266877	1	-0.29069042205810547	chr15.40266842.40267256
40266877	2	0.366335391998291	chr15.40266842.40267256
40266877	3	-0.07614898681640625	chr15.40266842.40267256
40266878	0	-0.08417892456054688	chr15.40266842.40267256
40266878	1	-0.1913137435913086	chr15.40266842.40267256
40266878	2	-0.05485725402832031	chr15.40266842.40267256
40266878	3	0.0	chr15.40266842.40267256
40266879	0	-0.3416614532470703	chr15.40266842.40267256
40266879	1	-0.37024974822998047	chr15.40266842.40267256
40266879	2	-0.1973114013671875	chr15.40266842.40267256
40266879	3	0.0	chr15.40266842.40267256
40266880	0	0.031239986419677734	chr15.40266842.40267256
40266880	1	-1.71661376953125e-05	chr15.40266842.40267256
40266880	2	-0.16373491287231445	chr15.40266842.40267256
40266880	3	0.0	chr15.40266842.40267256
40266881	0	-0.22988176345825195	chr15.40266842.40267256
40266881	1	0.0	chr15.40266842.40267256
40266881	2	-0.19944047927856445	chr15.40266842.40267256
40266881	3	-0.27731943130493164	chr15.40266842.40267256
40266882	0	-0.2864832878112793	chr15.40266842.40267256
40266882	1	-0.23193693161010742	chr15.40266842.40267256
40266882	2	-0.3155038356781006	chr15.40266842.40267256
40266882	3	0.0	chr15.40266842.40267256
40266883	0	-0.36714768409729004	chr15.40266842.40267256
40266883	1	-0.28226661682128906	chr15.40266842.40267256
40266883	2	-0.40035200119018555	chr15.40266842.40267256
40266883	3	0.0	chr15.40266842.40267256
40266884	0	-0.2635931968688965	chr15.40266842.40267256
40266884	1	-0.3389856815338135	chr15.40266842.40267256
40266884	2	0.0	chr15.40266842.40267256
40266884	3	-0.33689355850219727	chr15.40266842.40267256
40266885	0	-0.521003007888794	chr15.40266842.40267256
40266885	1	-0.3200240135192871	chr15.40266842.40267256
40266885	2	0.0	chr15.40266842.40267256
40266885	3	-0.33116674423217773	chr15.40266842.40267256
40266886	0	-0.48706865310668945	chr15.40266842.40267256
40266886	1	0.0	chr15.40266842.40267256
40266886	2	-0.5178451538085938	chr15.40266842.40267256
40266886	3	-0.4202241897583008	chr15.40266842.40267256
40266887	0	0.0	chr15.40266842.40267256
40266887	1	-0.35637855529785156	chr15.40266842.40267256
40266887	2	-0.5866386890411377	chr15.40266842.40267256
40266887	3	-0.42547106742858887	chr15.40266842.40267256
40266888	0	0.05208587646484375	chr15.40266842.40267256
40266888	1	0.033167362213134766	chr15.40266842.40267256
40266888	2	0.0	chr15.40266842.40267256
40266888	3	-0.1713733673095703	chr15.40266842.40267256
40266889	0	-0.08140087127685547	chr15.40266842.40267256
40266889	1	-0.039887428283691406	chr15.40266842.40267256
40266889	2	0.0	chr15.40266842.40267256
40266889	3	-0.13517427444458008	chr15.40266842.40267256
40266890	0	-0.39243483543395996	chr15.40266842.40267256
40266890	1	0.0	chr15.40266842.40267256
40266890	2	-0.23975563049316406	chr15.40266842.40267256
40266890	3	-0.9390320777893066	chr15.40266842.40267256
40266891	0	0.0	chr15.40266842.40267256
40266891	1	0.1862802505493164	chr15.40266842.40267256
40266891	2	-0.17207050323486328	chr15.40266842.40267256
40266891	3	0.07851886749267578	chr15.40266842.40267256
40266892	0	-0.0782928466796875	chr15.40266842.40267256
40266892	1	0.22493934631347656	chr15.40266842.40267256
40266892	2	0.0	chr15.40266842.40267256
40266892	3	0.08281135559082031	chr15.40266842.40267256
40266893	0	0.0	chr15.40266842.40267256
40266893	1	0.17950153350830078	chr15.40266842.40267256
40266893	2	-0.25403261184692383	chr15.40266842.40267256
40266893	3	0.10637760162353516	chr15.40266842.40267256
40266894	0	-0.030997276306152344	chr15.40266842.40267256
40266894	1	0.18788766860961914	chr15.40266842.40267256
40266894	2	0.0	chr15.40266842.40267256
40266894	3	-0.1165614128112793	chr15.40266842.40267256
40266895	0	-0.18274736404418945	chr15.40266842.40267256
40266895	1	-0.0544281005859375	chr15.40266842.40267256
40266895	2	-0.19466447830200195	chr15.40266842.40267256
40266895	3	0.0	chr15.40266842.40267256
40266896	0	0.015399932861328125	chr15.40266842.40267256
40266896	1	0.07065153121948242	chr15.40266842.40267256
40266896	2	0.0	chr15.40266842.40267256
40266896	3	0.15561532974243164	chr15.40266842.40267256
40266897	0	0.19501924514770508	chr15.40266842.40267256
40266897	1	0.18196392059326172	chr15.40266842.40267256
40266897	2	0.0	chr15.40266842.40267256
40266897	3	0.17141103744506836	chr15.40266842.40267256
40266898	0	0.0	chr15.40266842.40267256
40266898	1	0.13807201385498047	chr15.40266842.40267256
40266898	2	0.03769493103027344	chr15.40266842.40267256
40266898	3	-0.08327817916870117	chr15.40266842.40267256
40266899	0	0.28432703018188477	chr15.40266842.40267256
40266899	1	0.6931624412536621	chr15.40266842.40267256
40266899	2	0.0	chr15.40266842.40267256
40266899	3	0.35254812240600586	chr15.40266842.40267256
40266900	0	0.4146609306335449	chr15.40266842.40267256
40266900	1	0.0	chr15.40266842.40267256
40266900	2	0.2696099281311035	chr15.40266842.40267256
40266900	3	0.26087188720703125	chr15.40266842.40267256
40266901	0	-0.16356515884399414	chr15.40266842.40267256
40266901	1	-0.23656082153320312	chr15.40266842.40267256
40266901	2	0.0	chr15.40266842.40267256
40266901	3	-0.19368982315063477	chr15.40266842.40267256
40266902	0	1.8648500442504883	chr15.40266842.40267256
40266902	1	0.0	chr15.40266842.40267256
40266902	2	1.728952407836914	chr15.40266842.40267256
40266902	3	0.831395149230957	chr15.40266842.40267256
40266903	0	0.0	chr15.40266842.40267256
40266903	1	0.8307514190673828	chr15.40266842.40267256
40266903	2	2.1166605949401855	chr15.40266842.40267256
40266903	3	1.9737801551818848	chr15.40266842.40267256
40266904	0	2.496642589569092	chr15.40266842.40267256
40266904	1	0.0	chr15.40266842.40267256
40266904	2	2.797377109527588	chr15.40266842.40267256
40266904	3	1.4606375694274902	chr15.40266842.40267256
40266905	0	3.131049633026123	chr15.40266842.40267256
40266905	1	0.0	chr15.40266842.40267256
40266905	2	2.73867130279541	chr15.40266842.40267256
40266905	3	2.1647772789001465	chr15.40266842.40267256
40266906	0	1.6870660781860352	chr15.40266842.40267256
40266906	1	1.1454439163208008	chr15.40266842.40267256
40266906	2	1.9639530181884766	chr15.40266842.40267256
40266906	3	0.0	chr15.40266842.40267256
40266907	0	0.38918399810791016	chr15.40266842.40267256
40266907	1	0.6697282791137695	chr15.40266842.40267256
40266907	2	-0.7235643863677979	chr15.40266842.40267256
40266907	3	0.0	chr15.40266842.40267256
40266908	0	0.48566722869873047	chr15.40266842.40267256
40266908	1	0.27097177505493164	chr15.40266842.40267256
40266908	2	-0.08117389678955078	chr15.40266842.40267256
40266908	3	0.0	chr15.40266842.40267256
40266909	0	-0.09588909149169922	chr15.40266842.40267256
40266909	1	-0.3038182258605957	chr15.40266842.40267256
40266909	2	0.18418455123901367	chr15.40266842.40267256
40266909	3	0.0	chr15.40266842.40267256
40266910	0	0.07065868377685547	chr15.40266842.40267256
40266910	1	-0.32245802879333496	chr15.40266842.40267256
40266910	2	-0.0027914047241210938	chr15.40266842.40267256
40266910	3	0.0	chr15.40266842.40267256
40266911	0	0.21465301513671875	chr15.40266842.40267256
40266911	1	-0.03986167907714844	chr15.40266842.40267256
40266911	2	0.0	chr15.40266842.40267256
40266911	3	0.24335527420043945	chr15.40266842.40267256
40266912	0	-0.07758808135986328	chr15.40266842.40267256
40266912	1	0.0	chr15.40266842.40267256
40266912	2	-0.050745487213134766	chr15.40266842.40267256
40266912	3	0.3565397262573242	chr15.40266842.40267256
40266913	0	-0.3668937683105469	chr15.40266842.40267256
40266913	1	-0.2685995101928711	chr15.40266842.40267256
40266913	2	0.06520414352416992	chr15.40266842.40267256
40266913	3	0.0	chr15.40266842.40267256
40266914	0	0.04907512664794922	chr15.40266842.40267256
40266914	1	-0.09900188446044922	chr15.40266842.40267256
40266914	2	-0.0009169578552246094	chr15.40266842.40267256
40266914	3	0.0	chr15.40266842.40267256
40266915	0	0.20202112197875977	chr15.40266842.40267256
40266915	1	0.0	chr15.40266842.40267256
40266915	2	0.009365558624267578	chr15.40266842.40267256
40266915	3	0.11468315124511719	chr15.40266842.40267256
40266916	0	-0.09327077865600586	chr15.40266842.40267256
40266916	1	-0.035003662109375	chr15.40266842.40267256
40266916	2	-0.10214567184448242	chr15.40266842.40267256
40266916	3	0.0	chr15.40266842.40267256
40266917	0	0.01757955551147461	chr15.40266842.40267256
40266917	1	0.10675287246704102	chr15.40266842.40267256
40266917	2	-0.12763071060180664	chr15.40266842.40267256
40266917	3	0.0	chr15.40266842.40267256
40266918	0	0.2433772087097168	chr15.40266842.40267256
40266918	1	0.0	chr15.40266842.40267256
40266918	2	0.08635997772216797	chr15.40266842.40267256
40266918	3	0.0760807991027832	chr15.40266842.40267256
40266919	0	-0.24048566818237305	chr15.40266842.40267256
40266919	1	0.0	chr15.40266842.40267256
40266919	2	-0.18091106414794922	chr15.40266842.40267256
40266919	3	0.05150175094604492	chr15.40266842.40267256
40266920	0	0.0	chr15.40266842.40267256
40266920	1	-0.20914983749389648	chr15.40266842.40267256
40266920	2	0.03282499313354492	chr15.40266842.40267256
40266920	3	-0.4427340030670166	chr15.40266842.40267256
40266921	0	-0.22846174240112305	chr15.40266842.40267256
40266921	1	-0.5223677158355713	chr15.40266842.40267256
40266921	2	0.0	chr15.40266842.40267256
40266921	3	-0.9236288070678711	chr15.40266842.40267256
40266922	0	-0.6845548152923584	chr15.40266842.40267256
40266922	1	-0.33618664741516113	chr15.40266842.40267256
40266922	2	0.0	chr15.40266842.40267256
40266922	3	-0.210693359375	chr15.40266842.40267256
40266923	0	-0.5969393253326416	chr15.40266842.40267256
40266923	1	0.0	chr15.40266842.40267256
40266923	2	0.14954280853271484	chr15.40266842.40267256
40266923	3	-0.7175397872924805	chr15.40266842.40267256
40266924	0	-0.1058206558227539	chr15.40266842.40267256
40266924	1	0.0	chr15.40266842.40267256
40266924	2	-0.09905719757080078	chr15.40266842.40267256
40266924	3	-0.044338226318359375	chr15.40266842.40267256
40266925	0	-0.1336684226989746	chr15.40266842.40267256
40266925	1	0.0	chr15.40266842.40267256
40266925	2	-0.24179983139038086	chr15.40266842.40267256
40266925	3	0.19323158264160156	chr15.40266842.40267256
40266926	0	-0.2424159049987793	chr15.40266842.40267256
40266926	1	-0.31438136100769043	chr15.40266842.40267256
40266926	2	0.29357004165649414	chr15.40266842.40267256
40266926	3	0.0	chr15.40266842.40267256
40266927	0	0.24844694137573242	chr15.40266842.40267256
40266927	1	0.0	chr15.40266842.40267256
40266927	2	0.3032231330871582	chr15.40266842.40267256
40266927	3	-0.17659568786621094	chr15.40266842.40267256
40266928	0	-0.019977092742919922	chr15.40266842.40267256
40266928	1	0.0	chr15.40266842.40267256
40266928	2	-0.3048880100250244	chr15.40266842.40267256
40266928	3	0.026239871978759766	chr15.40266842.40267256
40266929	0	0.0	chr15.40266842.40267256
40266929	1	0.5478463172912598	chr15.40266842.40267256
40266929	2	0.19284534454345703	chr15.40266842.40267256
40266929	3	-0.023681163787841797	chr15.40266842.40267256
40266930	0	0.4856910705566406	chr15.40266842.40267256
40266930	1	-0.13982534408569336	chr15.40266842.40267256
40266930	2	0.0	chr15.40266842.40267256
40266930	3	-0.40261173248291016	chr15.40266842.40267256
40266931	0	-0.16600990295410156	chr15.40266842.40267256
40266931	1	0.0	chr15.40266842.40267256
40266931	2	-0.2685661315917969	chr15.40266842.40267256
40266931	3	0.02248668670654297	chr15.40266842.40267256
40266932	0	0.0	chr15.40266842.40267256
40266932	1	-0.054531097412109375	chr15.40266842.40267256
40266932	2	-0.07544326782226562	chr15.40266842.40267256
40266932	3	0.8207945823669434	chr15.40266842.40267256
40266933	0	-1.0165541172027588	chr15.40266842.40267256
40266933	1	-0.1961660385131836	chr15.40266842.40267256
40266933	2	0.4166879653930664	chr15.40266842.40267256
40266933	3	0.0	chr15.40266842.40267256
40266934	0	0.2907571792602539	chr15.40266842.40267256
40266934	1	0.0	chr15.40266842.40267256
40266934	2	0.24512434005737305	chr15.40266842.40267256
40266934	3	0.1695728302001953	chr15.40266842.40267256
40266935	0	-0.10686492919921875	chr15.40266842.40267256
40266935	1	0.0	chr15.40266842.40267256
40266935	2	-0.06965970993041992	chr15.40266842.40267256
40266935	3	-0.3444206714630127	chr15.40266842.40267256
40266936	0	-0.2738170623779297	chr15.40266842.40267256
40266936	1	-0.48937106132507324	chr15.40266842.40267256
40266936	2	0.23841047286987305	chr15.40266842.40267256
40266936	3	0.0	chr15.40266842.40267256
40266937	0	-0.6961297988891602	chr15.40266842.40267256
40266937	1	-0.6534273624420166	chr15.40266842.40267256
40266937	2	0.0	chr15.40266842.40267256
40266937	3	-0.6466555595397949	chr15.40266842.40267256
40266938	0	-0.6517410278320312	chr15.40266842.40267256
40266938	1	-0.3905787467956543	chr15.40266842.40267256
40266938	2	-0.6004869937896729	chr15.40266842.40267256
40266938	3	0.0	chr15.40266842.40267256
40266939	0	-0.22921991348266602	chr15.40266842.40267256
40266939	1	-0.3600003719329834	chr15.40266842.40267256
40266939	2	0.1616678237915039	chr15.40266842.40267256
40266939	3	0.0	chr15.40266842.40267256
40266940	0	0.3368186950683594	chr15.40266842.40267256
40266940	1	0.5139532089233398	chr15.40266842.40267256
40266940	2	0.0	chr15.40266842.40267256
40266940	3	1.342555046081543	chr15.40266842.40267256
40266941	0	0.0	chr15.40266842.40267256
40266941	1	1.437067985534668	chr15.40266842.40267256
40266941	2	0.3284573554992676	chr15.40266842.40267256
40266941	3	0.567631721496582	chr15.40266842.40267256
40266942	0	0.15979242324829102	chr15.40266842.40267256
40266942	1	0.4775533676147461	chr15.40266842.40267256
40266942	2	0.22957277297973633	chr15.40266842.40267256
40266942	3	0.0	chr15.40266842.40267256
40266943	0	0.0	chr15.40266842.40267256
40266943	1	0.7559642791748047	chr15.40266842.40267256
40266943	2	0.057038307189941406	chr15.40266842.40267256
40266943	3	0.7672767639160156	chr15.40266842.40267256
40266944	0	-0.01159048080444336	chr15.40266842.40267256
40266944	1	0.8244214057922363	chr15.40266842.40267256
40266944	2	0.0	chr15.40266842.40267256
40266944	3	-0.08428764343261719	chr15.40266842.40267256
40266945	0	0.6167845726013184	chr15.40266842.40267256
40266945	1	0.5573234558105469	chr15.40266842.40267256
40266945	2	-0.7145154476165771	chr15.40266842.40267256
40266945	3	0.0	chr15.40266842.40267256
40266946	0	1.2999420166015625	chr15.40266842.40267256
40266946	1	1.3566288948059082	chr15.40266842.40267256
40266946	2	0.0	chr15.40266842.40267256
40266946	3	1.5076284408569336	chr15.40266842.40267256
40266947	0	0.0	chr15.40266842.40267256
40266947	1	0.8735790252685547	chr15.40266842.40267256
40266947	2	0.19242048263549805	chr15.40266842.40267256
40266947	3	0.25005674362182617	chr15.40266842.40267256
40266948	0	3.0345234870910645	chr15.40266842.40267256
40266948	1	0.0	chr15.40266842.40267256
40266948	2	0.8340005874633789	chr15.40266842.40267256
40266948	3	0.2354450225830078	chr15.40266842.40267256
40266949	0	0.0	chr15.40266842.40267256
40266949	1	-0.047087669372558594	chr15.40266842.40267256
40266949	2	0.317230224609375	chr15.40266842.40267256
40266949	3	1.1359448432922363	chr15.40266842.40267256
40266950	0	-0.09550714492797852	chr15.40266842.40267256
40266950	1	0.22960615158081055	chr15.40266842.40267256
40266950	2	0.0	chr15.40266842.40267256
40266950	3	-0.23683738708496094	chr15.40266842.40267256
40266951	0	0.3816838264465332	chr15.40266842.40267256
40266951	1	0.06649112701416016	chr15.40266842.40267256
40266951	2	-0.12343740463256836	chr15.40266842.40267256
40266951	3	0.0	chr15.40266842.40267256
40266952	0	0.0	chr15.40266842.40267256
40266952	1	-0.5748913288116455	chr15.40266842.40267256
40266952	2	-1.1627874374389648	chr15.40266842.40267256
40266952	3	-0.9883770942687988	chr15.40266842.40267256
40266953	0	0.0	chr15.40266842.40267256
40266953	1	-0.8195681571960449	chr15.40266842.40267256
40266953	2	-0.272979736328125	chr15.40266842.40267256
40266953	3	-0.11474943161010742	chr15.40266842.40267256
40266954	0	1.0269198417663574	chr15.40266842.40267256
40266954	1	0.0	chr15.40266842.40267256
40266954	2	1.2929668426513672	chr15.40266842.40267256
40266954	3	0.10888195037841797	chr15.40266842.40267256
40266955	0	0.3723411560058594	chr15.40266842.40267256
40266955	1	0.0	chr15.40266842.40267256
40266955	2	0.6643815040588379	chr15.40266842.40267256
40266955	3	0.7035846710205078	chr15.40266842.40267256
40266956	0	0.7674317359924316	chr15.40266842.40267256
40266956	1	-0.6490387916564941	chr15.40266842.40267256
40266956	2	0.5974154472351074	chr15.40266842.40267256
40266956	3	0.0	chr15.40266842.40267256
40266957	0	-0.03341054916381836	chr15.40266842.40267256
40266957	1	0.0	chr15.40266842.40267256
40266957	2	-1.4799630641937256	chr15.40266842.40267256
40266957	3	-0.16083812713623047	chr15.40266842.40267256
40266958	0	0.8784079551696777	chr15.40266842.40267256
40266958	1	0.46219921112060547	chr15.40266842.40267256
40266958	2	0.6376118659973145	chr15.40266842.40267256
40266958	3	0.0	chr15.40266842.40267256
40266959	0	-0.2354726791381836	chr15.40266842.40267256
40266959	1	0.2467498779296875	chr15.40266842.40267256
40266959	2	-0.398026704788208	chr15.40266842.40267256
40266959	3	0.0	chr15.40266842.40267256
40266960	0	-0.7121157646179199	chr15.40266842.40267256
40266960	1	-0.042742252349853516	chr15.40266842.40267256
40266960	2	-0.5529189109802246	chr15.40266842.40267256
40266960	3	0.0	chr15.40266842.40267256
40266961	0	-0.4207155704498291	chr15.40266842.40267256
40266961	1	0.1394047737121582	chr15.40266842.40267256
40266961	2	-0.8262829780578613	chr15.40266842.40267256
40266961	3	0.0	chr15.40266842.40267256
40266962	0	0.6955404281616211	chr15.40266842.40267256
40266962	1	0.0	chr15.40266842.40267256
40266962	2	0.08202362060546875	chr15.40266842.40267256
40266962	3	0.6221203804016113	chr15.40266842.40267256
40266963	0	0.47412729263305664	chr15.40266842.40267256
40266963	1	0.0	chr15.40266842.40267256
40266963	2	0.6722149848937988	chr15.40266842.40267256
40266963	3	0.30707216262817383	chr15.40266842.40267256
40266964	0	-0.03612804412841797	chr15.40266842.40267256
40266964	1	0.0	chr15.40266842.40267256
40266964	2	0.43114137649536133	chr15.40266842.40267256
40266964	3	0.28015947341918945	chr15.40266842.40267256
40266965	0	0.0	chr15.40266842.40267256
40266965	1	-0.09827041625976562	chr15.40266842.40267256
40266965	2	0.1210322380065918	chr15.40266842.40267256
40266965	3	0.24761104583740234	chr15.40266842.40267256
40266966	0	-0.06113767623901367	chr15.40266842.40267256
40266966	1	0.4281187057495117	chr15.40266842.40267256
40266966	2	0.020794391632080078	chr15.40266842.40267256
40266966	3	0.0	chr15.40266842.40267256
40266967	0	-0.15670108795166016	chr15.40266842.40267256
40266967	1	-0.008580684661865234	chr15.40266842.40267256
40266967	2	0.0353856086730957	chr15.40266842.40267256
40266967	3	0.0	chr15.40266842.40267256
40266968	0	-0.03080463409423828	chr15.40266842.40267256
40266968	1	-0.04871559143066406	chr15.40266842.40267256
40266968	2	0.4697551727294922	chr15.40266842.40267256
40266968	3	0.0	chr15.40266842.40267256
40266969	0	-0.4914257526397705	chr15.40266842.40267256
40266969	1	-0.9129395484924316	chr15.40266842.40267256
40266969	2	0.0	chr15.40266842.40267256
40266969	3	-1.0917630195617676	chr15.40266842.40267256
40266970	0	-1.5349242687225342	chr15.40266842.40267256
40266970	1	-0.6635456085205078	chr15.40266842.40267256
40266970	2	0.0	chr15.40266842.40267256
40266970	3	-0.32954931259155273	chr15.40266842.40267256
40266971	0	-0.5889530181884766	chr15.40266842.40267256
40266971	1	0.0	chr15.40266842.40267256
40266971	2	-0.6004836559295654	chr15.40266842.40267256
40266971	3	-0.5092668533325195	chr15.40266842.40267256
40266972	0	0.0	chr15.40266842.40267256
40266972	1	-0.23422670364379883	chr15.40266842.40267256
40266972	2	0.22183752059936523	chr15.40266842.40267256
40266972	3	-0.2519412040710449	chr15.40266842.40267256
40266973	0	-0.322476863861084	chr15.40266842.40267256
40266973	1	-0.2269291877746582	chr15.40266842.40267256
40266973	2	0.0	chr15.40266842.40267256
40266973	3	-0.6092860698699951	chr15.40266842.40267256
40266974	0	0.0	chr15.40266842.40267256
40266974	1	0.33066511154174805	chr15.40266842.40267256
40266974	2	-0.11192083358764648	chr15.40266842.40267256
40266974	3	-0.3133230209350586	chr15.40266842.40267256
40266975	0	-0.5095584392547607	chr15.40266842.40267256
40266975	1	-0.17847442626953125	chr15.40266842.40267256
40266975	2	0.0	chr15.40266842.40267256
40266975	3	-2.104302406311035	chr15.40266842.40267256
40266976	0	-0.24741125106811523	chr15.40266842.40267256
40266976	1	-0.15805912017822266	chr15.40266842.40267256
40266976	2	0.0	chr15.40266842.40267256
40266976	3	-0.24678611755371094	chr15.40266842.40267256
40266977	0	0.0	chr15.40266842.40267256
40266977	1	0.33400440216064453	chr15.40266842.40267256
40266977	2	-1.0559160709381104	chr15.40266842.40267256
40266977	3	-0.8756520748138428	chr15.40266842.40267256
40266978	0	-0.09070920944213867	chr15.40266842.40267256
40266978	1	-0.03304576873779297	chr15.40266842.40267256
40266978	2	0.0	chr15.40266842.40267256
40266978	3	-0.4589040279388428	chr15.40266842.40267256
40266979	0	-0.6319882869720459	chr15.40266842.40267256
40266979	1	0.30840587615966797	chr15.40266842.40267256
40266979	2	0.0	chr15.40266842.40267256
40266979	3	0.16730785369873047	chr15.40266842.40267256
40266980	0	0.0	chr15.40266842.40267256
40266980	1	-0.00927114486694336	chr15.40266842.40267256
40266980	2	-0.7748816013336182	chr15.40266842.40267256
40266980	3	-0.7127048969268799	chr15.40266842.40267256
40266981	0	-0.5534772872924805	chr15.40266842.40267256
40266981	1	-0.7120122909545898	chr15.40266842.40267256
40266981	2	0.0	chr15.40266842.40267256
40266981	3	-0.3292369842529297	chr15.40266842.40267256
40266982	0	0.0	chr15.40266842.40267256
40266982	1	0.8322315216064453	chr15.40266842.40267256
40266982	2	0.6852073669433594	chr15.40266842.40267256
40266982	3	0.6290826797485352	chr15.40266842.40267256
40266983	0	0.033745765686035156	chr15.40266842.40267256
40266983	1	0.0	chr15.40266842.40267256
40266983	2	0.4506235122680664	chr15.40266842.40267256
40266983	3	-0.6041157245635986	chr15.40266842.40267256
40266984	0	0.3066072463989258	chr15.40266842.40267256
40266984	1	0.3947768211364746	chr15.40266842.40267256
40266984	2	1.1125264167785645	chr15.40266842.40267256
40266984	3	0.0	chr15.40266842.40267256
40266985	0	1.3025922775268555	chr15.40266842.40267256
40266985	1	1.70831298828125	chr15.40266842.40267256
40266985	2	0.0	chr15.40266842.40267256
40266985	3	1.1011362075805664	chr15.40266842.40267256
40266986	0	0.0	chr15.40266842.40267256
40266986	1	1.8961396217346191	chr15.40266842.40267256
40266986	2	0.6024894714355469	chr15.40266842.40267256
40266986	3	1.8996505737304688	chr15.40266842.40267256
40266987	0	1.329150676727295	chr15.40266842.40267256
40266987	1	0.5821213722229004	chr15.40266842.40267256
40266987	2	1.447866439819336	chr15.40266842.40267256
40266987	3	0.0	chr15.40266842.40267256
40266988	0	0.0	chr15.40266842.40267256
40266988	1	0.9883518218994141	chr15.40266842.40267256
40266988	2	0.30762195587158203	chr15.40266842.40267256
40266988	3	0.7849631309509277	chr15.40266842.40267256
40266989	0	-0.7522974014282227	chr15.40266842.40267256
40266989	1	0.23815584182739258	chr15.40266842.40267256
40266989	2	0.0	chr15.40266842.40267256
40266989	3	-0.029470443725585938	chr15.40266842.40267256
40266990	0	0.0	chr15.40266842.40267256
40266990	1	0.5343427658081055	chr15.40266842.40267256
40266990	2	-0.3646359443664551	chr15.40266842.40267256
40266990	3	-0.11096715927124023	chr15.40266842.40267256
40266991	0	0.03443431854248047	chr15.40266842.40267256
40266991	1	-0.537104606628418	chr15.40266842.40267256
40266991	2	0.0	chr15.40266842.40267256
40266991	3	-0.8633308410644531	chr15.40266842.40267256
40266992	0	0.0	chr15.40266842.40267256
40266992	1	0.10728311538696289	chr15.40266842.40267256
40266992	2	0.08002519607543945	chr15.40266842.40267256
40266992	3	0.11957502365112305	chr15.40266842.40267256
40266993	0	0.1736593246459961	chr15.40266842.40267256
40266993	1	-0.31826162338256836	chr15.40266842.40267256
40266993	2	0.0	chr15.40266842.40267256
40266993	3	-0.8137481212615967	chr15.40266842.40267256
40266994	0	0.0	chr15.40266842.40267256
40266994	1	0.15009021759033203	chr15.40266842.40267256
40266994	2	-0.30219507217407227	chr15.40266842.40267256
40266994	3	-0.20609045028686523	chr15.40266842.40267256
40266995	0	-1.8651351928710938	chr15.40266842.40267256
40266995	1	0.22521257400512695	chr15.40266842.40267256
40266995	2	0.0	chr15.40266842.40267256
40266995	3	-0.08080625534057617	chr15.40266842.40267256
40266996	0	-0.19119930267333984	chr15.40266842.40267256
40266996	1	0.05240345001220703	chr15.40266842.40267256
40266996	2	0.0	chr15.40266842.40267256
40266996	3	-0.09235095977783203	chr15.40266842.40267256
40266997	0	0.3746156692504883	chr15.40266842.40267256
40266997	1	-0.6483938694000244	chr15.40266842.40267256
40266997	2	0.0	chr15.40266842.40267256
40266997	3	-1.7872340679168701	chr15.40266842.40267256
40266998	0	-3.6879160404205322	chr15.40266842.40267256
40266998	1	-2.6727561950683594	chr15.40266842.40267256
40266998	2	-3.860344886779785	chr15.40266842.40267256
40266998	3	0.0	chr15.40266842.40267256
40266999	0	-3.871964931488037	chr15.40266842.40267256
40266999	1	-4.029428482055664	chr15.40266842.40267256
40266999	2	0.0	chr15.40266842.40267256
40266999	3	-2.0605268478393555	chr15.40266842.40267256
40267000	0	0.0	chr15.40266842.40267256
40267000	1	-3.0410096645355225	chr15.40266842.40267256
40267000	2	-4.058071613311768	chr15.40266842.40267256
40267000	3	-3.9102280139923096	chr15.40266842.40267256
40267001	0	-1.5862925052642822	chr15.40266842.40267256
40267001	1	-0.07348346710205078	chr15.40266842.40267256
40267001	2	0.0	chr15.40266842.40267256
40267001	3	-1.4205825328826904	chr15.40266842.40267256
40267002	0	-3.9331369400024414	chr15.40266842.40267256
40267002	1	-3.633450508117676	chr15.40266842.40267256
40267002	2	-3.956052780151367	chr15.40266842.40267256
40267002	3	0.0	chr15.40266842.40267256
40267003	0	-1.9605755805969238	chr15.40266842.40267256
40267003	1	0.0	chr15.40266842.40267256
40267003	2	-4.135195732116699	chr15.40266842.40267256
40267003	3	-3.854158401489258	chr15.40266842.40267256
40267004	0	0.0	chr15.40266842.40267256
40267004	1	-3.923806667327881	chr15.40266842.40267256
40267004	2	-3.338348150253296	chr15.40266842.40267256
40267004	3	-3.7723805904388428	chr15.40266842.40267256
40267005	0	-1.001147985458374	chr15.40266842.40267256
40267005	1	0.0	chr15.40266842.40267256
40267005	2	-0.22903060913085938	chr15.40266842.40267256
40267005	3	0.8274073600769043	chr15.40266842.40267256
40267006	0	-0.4480879306793213	chr15.40266842.40267256
40267006	1	0.0	chr15.40266842.40267256
40267006	2	-1.1575253009796143	chr15.40266842.40267256
40267006	3	0.219024658203125	chr15.40266842.40267256
40267007	0	0.8027005195617676	chr15.40266842.40267256
40267007	1	0.0	chr15.40266842.40267256
40267007	2	0.6583638191223145	chr15.40266842.40267256
40267007	3	-0.021942615509033203	chr15.40266842.40267256
40267008	0	0.7137317657470703	chr15.40266842.40267256
40267008	1	0.0	chr15.40266842.40267256
40267008	2	0.22604799270629883	chr15.40266842.40267256
40267008	3	0.5031332969665527	chr15.40266842.40267256
40267009	0	-0.10208702087402344	chr15.40266842.40267256
40267009	1	0.0	chr15.40266842.40267256
40267009	2	0.0067958831787109375	chr15.40266842.40267256
40267009	3	-0.34893131256103516	chr15.40266842.40267256
40267010	0	0.0	chr15.40266842.40267256
40267010	1	-0.054099082946777344	chr15.40266842.40267256
40267010	2	-0.43029046058654785	chr15.40266842.40267256
40267010	3	0.08631324768066406	chr15.40266842.40267256
40267011	0	0.10364198684692383	chr15.40266842.40267256
40267011	1	0.39302635192871094	chr15.40266842.40267256
40267011	2	0.0	chr15.40266842.40267256
40267011	3	0.4266786575317383	chr15.40266842.40267256
40267012	0	-0.3145444393157959	chr15.40266842.40267256
40267012	1	-0.20478057861328125	chr15.40266842.40267256
40267012	2	0.0	chr15.40266842.40267256
40267012	3	0.39308786392211914	chr15.40266842.40267256
40267013	0	-0.019819259643554688	chr15.40266842.40267256
40267013	1	0.0	chr15.40266842.40267256
40267013	2	-0.35040783882141113	chr15.40266842.40267256
40267013	3	-3.0705361366271973	chr15.40266842.40267256
40267014	0	0.0	chr15.40266842.40267256
40267014	1	-0.2691178321838379	chr15.40266842.40267256
40267014	2	0.014857292175292969	chr15.40266842.40267256
40267014	3	-0.28756141662597656	chr15.40266842.40267256
40267015	0	-0.45621323585510254	chr15.40266842.40267256
40267015	1	-0.12237882614135742	chr15.40266842.40267256
40267015	2	0.1489710807800293	chr15.40266842.40267256
40267015	3	0.0	chr15.40266842.40267256
40267016	0	-0.2800168991088867	chr15.40266842.40267256
40267016	1	-0.09263849258422852	chr15.40266842.40267256
40267016	2	0.0	chr15.40266842.40267256
40267016	3	-0.32865190505981445	chr15.40266842.40267256
40267017	0	0.0	chr15.40266842.40267256
40267017	1	0.9039402008056641	chr15.40266842.40267256
40267017	2	-0.1023702621459961	chr15.40266842.40267256
40267017	3	0.626068115234375	chr15.40266842.40267256
40267018	0	0.14564180374145508	chr15.40266842.40267256
40267018	1	1.18369722366333	chr15.40266842.40267256
40267018	2	0.39054203033447266	chr15.40266842.40267256
40267018	3	0.0	chr15.40266842.40267256
40267019	0	-0.3855783939361572	chr15.40266842.40267256
40267019	1	-0.11153936386108398	chr15.40266842.40267256
40267019	2	0.0	chr15.40266842.40267256
40267019	3	-0.3946225643157959	chr15.40266842.40267256
40267020	0	0.3148369789123535	chr15.40266842.40267256
40267020	1	1.1973252296447754	chr15.40266842.40267256
40267020	2	0.0	chr15.40266842.40267256
40267020	3	0.6594281196594238	chr15.40266842.40267256
40267021	0	0.0	chr15.40266842.40267256
40267021	1	-0.3975989818572998	chr15.40266842.40267256
40267021	2	-0.18304204940795898	chr15.40266842.40267256
40267021	3	0.2453174591064453	chr15.40266842.40267256
40267022	0	-0.6542041301727295	chr15.40266842.40267256
40267022	1	-1.8211984634399414	chr15.40266842.40267256
40267022	2	0.0	chr15.40266842.40267256
40267022	3	-0.9319868087768555	chr15.40266842.40267256
40267023	0	0.0	chr15.40266842.40267256
40267023	1	-0.0005784034729003906	chr15.40266842.40267256
40267023	2	-0.19288206100463867	chr15.40266842.40267256
40267023	3	0.04156160354614258	chr15.40266842.40267256
40267024	0	0.01915597915649414	chr15.40266842.40267256
40267024	1	-2.3251166343688965	chr15.40266842.40267256
40267024	2	0.0	chr15.40266842.40267256
40267024	3	-2.1644856929779053	chr15.40266842.40267256
40267025	0	-3.4966068267822266	chr15.40266842.40267256
40267025	1	-2.296374797821045	chr15.40266842.40267256
40267025	2	-3.529693603515625	chr15.40266842.40267256
40267025	3	0.0	chr15.40266842.40267256
40267026	0	-3.4424922466278076	chr15.40266842.40267256
40267026	1	-3.604702949523926	chr15.40266842.40267256
40267026	2	0.0	chr15.40266842.40267256
40267026	3	-2.1250343322753906	chr15.40266842.40267256
40267027	0	0.0	chr15.40266842.40267256
40267027	1	-2.5503735542297363	chr15.40266842.40267256
40267027	2	-3.9566738605499268	chr15.40266842.40267256
40267027	3	-3.164762496948242	chr15.40266842.40267256
40267028	0	-1.8458516597747803	chr15.40266842.40267256
40267028	1	-0.45931243896484375	chr15.40266842.40267256
40267028	2	0.0	chr15.40266842.40267256
40267028	3	-1.9271230697631836	chr15.40266842.40267256
40267029	0	-3.592453956604004	chr15.40266842.40267256
40267029	1	-3.314857244491577	chr15.40266842.40267256
40267029	2	-3.728820323944092	chr15.40266842.40267256
40267029	3	0.0	chr15.40266842.40267256
40267030	0	-2.103851318359375	chr15.40266842.40267256
40267030	1	0.0	chr15.40266842.40267256
40267030	2	-3.6200273036956787	chr15.40266842.40267256
40267030	3	-3.5971856117248535	chr15.40266842.40267256
40267031	0	0.0	chr15.40266842.40267256
40267031	1	-3.6784632205963135	chr15.40266842.40267256
40267031	2	-2.755183458328247	chr15.40266842.40267256
40267031	3	-3.492626428604126	chr15.40266842.40267256
40267032	0	-2.0356478691101074	chr15.40266842.40267256
40267032	1	0.03624916076660156	chr15.40266842.40267256
40267032	2	0.0	chr15.40266842.40267256
40267032	3	0.4043083190917969	chr15.40266842.40267256
40267033	0	0.0	chr15.40266842.40267256
40267033	1	0.35886669158935547	chr15.40266842.40267256
40267033	2	-1.2319111824035645	chr15.40266842.40267256
40267033	3	-0.7147953510284424	chr15.40266842.40267256
40267034	0	-0.41591882705688477	chr15.40266842.40267256
40267034	1	-0.4931678771972656	chr15.40266842.40267256
40267034	2	0.0	chr15.40266842.40267256
40267034	3	-2.164834499359131	chr15.40266842.40267256
40267035	0	0.0	chr15.40266842.40267256
40267035	1	-0.038603782653808594	chr15.40266842.40267256
40267035	2	0.3705716133117676	chr15.40266842.40267256
40267035	3	-0.08326292037963867	chr15.40266842.40267256
40267036	0	0.0	chr15.40266842.40267256
40267036	1	-0.1301565170288086	chr15.40266842.40267256
40267036	2	-0.2951850891113281	chr15.40266842.40267256
40267036	3	-0.6421377658843994	chr15.40266842.40267256
40267037	0	-0.18750905990600586	chr15.40266842.40267256
40267037	1	-0.6162207126617432	chr15.40266842.40267256
40267037	2	0.0	chr15.40266842.40267256
40267037	3	-0.5889608860015869	chr15.40266842.40267256
40267038	0	-1.2994248867034912	chr15.40266842.40267256
40267038	1	-1.4723224639892578	chr15.40266842.40267256
40267038	2	0.0	chr15.40266842.40267256
40267038	3	-1.4775025844573975	chr15.40266842.40267256
40267039	0	0.0	chr15.40266842.40267256
40267039	1	-1.725356101989746	chr15.40266842.40267256
40267039	2	0.586174488067627	chr15.40266842.40267256
40267039	3	-0.29608821868896484	chr15.40266842.40267256
40267040	0	0.0	chr15.40266842.40267256
40267040	1	-0.3166518211364746	chr15.40266842.40267256
40267040	2	0.5841469764709473	chr15.40266842.40267256
40267040	3	-0.4889693260192871	chr15.40266842.40267256
40267041	0	-0.05044698715209961	chr15.40266842.40267256
40267041	1	0.6008825302124023	chr15.40266842.40267256
40267041	2	0.0	chr15.40266842.40267256
40267041	3	1.4298171997070312	chr15.40266842.40267256
40267042	0	-0.3114957809448242	chr15.40266842.40267256
40267042	1	0.661323070526123	chr15.40266842.40267256
40267042	2	0.0	chr15.40266842.40267256
40267042	3	0.47873878479003906	chr15.40266842.40267256
40267043	0	0.6984333992004395	chr15.40266842.40267256
40267043	1	0.9950213432312012	chr15.40266842.40267256
40267043	2	1.4334335327148438	chr15.40266842.40267256
40267043	3	0.0	chr15.40266842.40267256
40267044	0	-0.9161911010742188	chr15.40266842.40267256
40267044	1	-0.5190987586975098	chr15.40266842.40267256
40267044	2	0.0	chr15.40266842.40267256
40267044	3	-0.40598464012145996	chr15.40266842.40267256
40267045	0	-1.3506109714508057	chr15.40266842.40267256
40267045	1	-1.044935703277588	chr15.40266842.40267256
40267045	2	0.0	chr15.40266842.40267256
40267045	3	-0.8919742107391357	chr15.40266842.40267256
40267046	0	-0.31055545806884766	chr15.40266842.40267256
40267046	1	-0.9459781646728516	chr15.40266842.40267256
40267046	2	0.0	chr15.40266842.40267256
40267046	3	-0.02038097381591797	chr15.40266842.40267256
40267047	0	-0.6942036151885986	chr15.40266842.40267256
40267047	1	-1.4334168434143066	chr15.40266842.40267256
40267047	2	0.0	chr15.40266842.40267256
40267047	3	-1.2202742099761963	chr15.40266842.40267256
40267048	0	0.0	chr15.40266842.40267256
40267048	1	0.2344341278076172	chr15.40266842.40267256
40267048	2	0.13146448135375977	chr15.40266842.40267256
40267048	3	-0.3390069007873535	chr15.40266842.40267256
40267049	0	-0.040094852447509766	chr15.40266842.40267256
40267049	1	-0.26793479919433594	chr15.40266842.40267256
40267049	2	0.0	chr15.40266842.40267256
40267049	3	-0.7329766750335693	chr15.40266842.40267256
40267050	0	-0.374767541885376	chr15.40266842.40267256
40267050	1	-0.615725040435791	chr15.40266842.40267256
40267050	2	-0.16197872161865234	chr15.40266842.40267256
40267050	3	0.0	chr15.40266842.40267256
40267051	0	-0.2982516288757324	chr15.40266842.40267256
40267051	1	-0.7334709167480469	chr15.40266842.40267256
40267051	2	0.0	chr15.40266842.40267256
40267051	3	-0.2718238830566406	chr15.40266842.40267256
40267052	0	-0.556039571762085	chr15.40266842.40267256
40267052	1	0.0	chr15.40266842.40267256
40267052	2	-1.4919557571411133	chr15.40266842.40267256
40267052	3	-0.22921323776245117	chr15.40266842.40267256
40267053	0	-0.2802309989929199	chr15.40266842.40267256
40267053	1	-1.0127043724060059	chr15.40266842.40267256
40267053	2	0.12401962280273438	chr15.40266842.40267256
40267053	3	0.0	chr15.40266842.40267256
40267054	0	-0.3528563976287842	chr15.40266842.40267256
40267054	1	0.0	chr15.40266842.40267256
40267054	2	0.10994100570678711	chr15.40266842.40267256
40267054	3	-0.260073184967041	chr15.40266842.40267256
40267055	0	-0.3703896999359131	chr15.40266842.40267256
40267055	1	-0.33670735359191895	chr15.40266842.40267256
40267055	2	-0.753739595413208	chr15.40266842.40267256
40267055	3	0.0	chr15.40266842.40267256
40267056	0	0.23415565490722656	chr15.40266842.40267256
40267056	1	0.29884815216064453	chr15.40266842.40267256
40267056	2	0.0	chr15.40266842.40267256
40267056	3	-0.045322418212890625	chr15.40266842.40267256
40267057	0	0.40805721282958984	chr15.40266842.40267256
40267057	1	1.0066637992858887	chr15.40266842.40267256
40267057	2	0.0	chr15.40266842.40267256
40267057	3	0.8524351119995117	chr15.40266842.40267256
40267058	0	0.3050079345703125	chr15.40266842.40267256
40267058	1	0.48645687103271484	chr15.40266842.40267256
40267058	2	0.0	chr15.40266842.40267256
40267058	3	-0.05340003967285156	chr15.40266842.40267256
40267059	0	0.08943367004394531	chr15.40266842.40267256
40267059	1	-0.1966099739074707	chr15.40266842.40267256
40267059	2	0.0	chr15.40266842.40267256
40267059	3	-0.4071836471557617	chr15.40266842.40267256
40267060	0	-0.23063373565673828	chr15.40266842.40267256
40267060	1	0.0	chr15.40266842.40267256
40267060	2	-1.543795108795166	chr15.40266842.40267256
40267060	3	-0.336745023727417	chr15.40266842.40267256
40267061	0	0.007611751556396484	chr15.40266842.40267256
40267061	1	-0.004626274108886719	chr15.40266842.40267256
40267061	2	0.00029087066650390625	chr15.40266842.40267256
40267061	3	0.0	chr15.40266842.40267256
40267062	0	-3.8225905895233154	chr15.40266842.40267256
40267062	1	-0.3228473663330078	chr15.40266842.40267256
40267062	2	0.0	chr15.40266842.40267256
40267062	3	0.9436893463134766	chr15.40266842.40267256
40267063	0	0.23152780532836914	chr15.40266842.40267256
40267063	1	0.0	chr15.40266842.40267256
40267063	2	0.40305328369140625	chr15.40266842.40267256
40267063	3	-0.20581865310668945	chr15.40266842.40267256
40267064	0	0.5704526901245117	chr15.40266842.40267256
40267064	1	0.0	chr15.40266842.40267256
40267064	2	0.45636892318725586	chr15.40266842.40267256
40267064	3	0.4181528091430664	chr15.40266842.40267256
40267065	0	-0.008090972900390625	chr15.40266842.40267256
40267065	1	-0.09976577758789062	chr15.40266842.40267256
40267065	2	0.08269739151000977	chr15.40266842.40267256
40267065	3	0.0	chr15.40266842.40267256
40267066	0	1.0825095176696777	chr15.40266842.40267256
40267066	1	0.6980042457580566	chr15.40266842.40267256
40267066	2	0.0	chr15.40266842.40267256
40267066	3	1.2886104583740234	chr15.40266842.40267256
40267067	0	0.4059300422668457	chr15.40266842.40267256
40267067	1	1.3023481369018555	chr15.40266842.40267256
40267067	2	0.7108912467956543	chr15.40266842.40267256
40267067	3	0.0	chr15.40266842.40267256
40267068	0	0.994077205657959	chr15.40266842.40267256
40267068	1	0.0	chr15.40266842.40267256
40267068	2	0.9438633918762207	chr15.40266842.40267256
40267068	3	0.9680304527282715	chr15.40266842.40267256
40267069	0	0.3723316192626953	chr15.40266842.40267256
40267069	1	0.0	chr15.40266842.40267256
40267069	2	0.40172243118286133	chr15.40266842.40267256
40267069	3	0.9569830894470215	chr15.40266842.40267256
40267070	0	0.2520914077758789	chr15.40266842.40267256
40267070	1	0.692162036895752	chr15.40266842.40267256
40267070	2	0.0	chr15.40266842.40267256
40267070	3	0.16188478469848633	chr15.40266842.40267256
40267071	0	-0.5224194526672363	chr15.40266842.40267256
40267071	1	-0.059155941009521484	chr15.40266842.40267256
40267071	2	0.0	chr15.40266842.40267256
40267071	3	-0.5115015506744385	chr15.40266842.40267256
40267072	0	0.13000869750976562	chr15.40266842.40267256
40267072	1	0.0	chr15.40266842.40267256
40267072	2	0.8305368423461914	chr15.40266842.40267256
40267072	3	-0.16074275970458984	chr15.40266842.40267256
40267073	0	-0.002994060516357422	chr15.40266842.40267256
40267073	1	0.0	chr15.40266842.40267256
40267073	2	0.3515915870666504	chr15.40266842.40267256
40267073	3	0.2569146156311035	chr15.40266842.40267256
40267074	0	-0.1769418716430664	chr15.40266842.40267256
40267074	1	0.0	chr15.40266842.40267256
40267074	2	-0.0006847381591796875	chr15.40266842.40267256
40267074	3	-0.22123146057128906	chr15.40266842.40267256
40267075	0	0.11659717559814453	chr15.40266842.40267256
40267075	1	0.21279191970825195	chr15.40266842.40267256
40267075	2	0.0	chr15.40266842.40267256
40267075	3	-0.38617706298828125	chr15.40266842.40267256
40267076	0	0.024752140045166016	chr15.40266842.40267256
40267076	1	-0.2569694519042969	chr15.40266842.40267256
40267076	2	0.0	chr15.40266842.40267256
40267076	3	-1.4013848304748535	chr15.40266842.40267256
40267077	0	-1.3250994682312012	chr15.40266842.40267256
40267077	1	0.43673181533813477	chr15.40266842.40267256
40267077	2	0.0	chr15.40266842.40267256
40267077	3	-0.7105879783630371	chr15.40266842.40267256
40267078	0	-0.4836404323577881	chr15.40266842.40267256
40267078	1	0.0	chr15.40266842.40267256
40267078	2	0.5783519744873047	chr15.40266842.40267256
40267078	3	-0.7262117862701416	chr15.40266842.40267256
40267079	0	-0.24993515014648438	chr15.40266842.40267256
40267079	1	0.0	chr15.40266842.40267256
40267079	2	0.701202392578125	chr15.40266842.40267256
40267079	3	0.4580974578857422	chr15.40266842.40267256
40267080	0	-0.6666257381439209	chr15.40266842.40267256
40267080	1	0.0	chr15.40266842.40267256
40267080	2	0.08026266098022461	chr15.40266842.40267256
40267080	3	0.811154842376709	chr15.40266842.40267256
40267081	0	-0.24879837036132812	chr15.40266842.40267256
40267081	1	-0.7423059940338135	chr15.40266842.40267256
40267081	2	0.23038053512573242	chr15.40266842.40267256
40267081	3	0.0	chr15.40266842.40267256
40267082	0	0.9194836616516113	chr15.40266842.40267256
40267082	1	0.0	chr15.40266842.40267256
40267082	2	0.2576174736022949	chr15.40266842.40267256
40267082	3	-0.02505779266357422	chr15.40266842.40267256
40267083	0	0.005262851715087891	chr15.40266842.40267256
40267083	1	-0.12906837463378906	chr15.40266842.40267256
40267083	2	0.19559717178344727	chr15.40266842.40267256
40267083	3	0.0	chr15.40266842.40267256
40267084	0	-0.014043807983398438	chr15.40266842.40267256
40267084	1	-0.15840435028076172	chr15.40266842.40267256
40267084	2	-0.13825035095214844	chr15.40266842.40267256
40267084	3	0.0	chr15.40266842.40267256
40267085	0	0.48117733001708984	chr15.40266842.40267256
40267085	1	-0.5494966506958008	chr15.40266842.40267256
40267085	2	0.0	chr15.40266842.40267256
40267085	3	0.09933805465698242	chr15.40266842.40267256
40267086	0	1.8791580200195312	chr15.40266842.40267256
40267086	1	0.18656206130981445	chr15.40266842.40267256
40267086	2	0.0	chr15.40266842.40267256
40267086	3	0.015077590942382812	chr15.40266842.40267256
40267087	0	-0.3378572463989258	chr15.40266842.40267256
40267087	1	0.0	chr15.40266842.40267256
40267087	2	-1.0637805461883545	chr15.40266842.40267256
40267087	3	-0.5526814460754395	chr15.40266842.40267256
40267088	0	-0.09957647323608398	chr15.40266842.40267256
40267088	1	-1.0157272815704346	chr15.40266842.40267256
40267088	2	-0.0034961700439453125	chr15.40266842.40267256
40267088	3	0.0	chr15.40266842.40267256
40267089	0	0.005627632141113281	chr15.40266842.40267256
40267089	1	0.0	chr15.40266842.40267256
40267089	2	0.35216856002807617	chr15.40266842.40267256
40267089	3	-0.08560323715209961	chr15.40266842.40267256
40267090	0	0.0	chr15.40266842.40267256
40267090	1	-0.47408390045166016	chr15.40266842.40267256
40267090	2	0.2548403739929199	chr15.40266842.40267256
40267090	3	-0.6175539493560791	chr15.40266842.40267256
40267091	0	-0.3862900733947754	chr15.40266842.40267256
40267091	1	-0.07293701171875	chr15.40266842.40267256
40267091	2	-0.39101314544677734	chr15.40266842.40267256
40267091	3	0.0	chr15.40266842.40267256
40267092	0	-0.05207633972167969	chr15.40266842.40267256
40267092	1	0.09828042984008789	chr15.40266842.40267256
40267092	2	0.0	chr15.40266842.40267256
40267092	3	0.18144893646240234	chr15.40266842.40267256
40267093	0	0.0	chr15.40266842.40267256
40267093	1	0.014272212982177734	chr15.40266842.40267256
40267093	2	-0.2597193717956543	chr15.40266842.40267256
40267093	3	-0.2100543975830078	chr15.40266842.40267256
40267094	0	-0.2063274383544922	chr15.40266842.40267256
40267094	1	0.0	chr15.40266842.40267256
40267094	2	0.08956289291381836	chr15.40266842.40267256
40267094	3	0.008315563201904297	chr15.40266842.40267256
40267095	0	-0.5144643783569336	chr15.40266842.40267256
40267095	1	-1.3600404262542725	chr15.40266842.40267256
40267095	2	0.23755836486816406	chr15.40266842.40267256
40267095	3	0.0	chr15.40266842.40267256
40267096	0	0.04601001739501953	chr15.40266842.40267256
40267096	1	0.0	chr15.40266842.40267256
40267096	2	-0.12361574172973633	chr15.40266842.40267256
40267096	3	-0.628399133682251	chr15.40266842.40267256
40267097	0	4.645644187927246	chr15.40266842.40267256
40267097	1	-0.16537189483642578	chr15.40266842.40267256
40267097	2	1.4968528747558594	chr15.40266842.40267256
40267097	3	0.0	chr15.40266842.40267256
40267098	0	-0.27014923095703125	chr15.40266842.40267256
40267098	1	-0.2643394470214844	chr15.40266842.40267256
40267098	2	-0.2221975326538086	chr15.40266842.40267256
40267098	3	0.0	chr15.40266842.40267256
40267099	0	0.8831429481506348	chr15.40266842.40267256
40267099	1	-0.3273186683654785	chr15.40266842.40267256
40267099	2	0.0	chr15.40266842.40267256
40267099	3	-0.25573158264160156	chr15.40266842.40267256
40267100	0	-0.564011812210083	chr15.40266842.40267256
40267100	1	0.0	chr15.40266842.40267256
40267100	2	-0.9452841281890869	chr15.40266842.40267256
40267100	3	-0.5559053421020508	chr15.40266842.40267256
40267101	0	-0.21912908554077148	chr15.40266842.40267256
40267101	1	-0.5053915977478027	chr15.40266842.40267256
40267101	2	0.0	chr15.40266842.40267256
40267101	3	-0.06455659866333008	chr15.40266842.40267256
40267102	0	-0.2797117233276367	chr15.40266842.40267256
40267102	1	-0.21070623397827148	chr15.40266842.40267256
40267102	2	-0.36846923828125	chr15.40266842.40267256
40267102	3	0.0	chr15.40266842.40267256
40267103	0	0.0	chr15.40266842.40267256
40267103	1	-0.006346225738525391	chr15.40266842.40267256
40267103	2	-0.16269636154174805	chr15.40266842.40267256
40267103	3	-0.28203582763671875	chr15.40266842.40267256
40267104	0	1.0021824836730957	chr15.40266842.40267256
40267104	1	-0.030529499053955078	chr15.40266842.40267256
40267104	2	0.13870573043823242	chr15.40266842.40267256
40267104	3	0.0	chr15.40266842.40267256
40267105	0	-0.038045406341552734	chr15.40266842.40267256
40267105	1	-0.22036170959472656	chr15.40266842.40267256
40267105	2	0.0	chr15.40266842.40267256
40267105	3	-0.13248109817504883	chr15.40266842.40267256
40267106	0	0.0	chr15.40266842.40267256
40267106	1	0.36688852310180664	chr15.40266842.40267256
40267106	2	-0.3809549808502197	chr15.40266842.40267256
40267106	3	0.2048354148864746	chr15.40266842.40267256
40267107	0	0.0	chr15.40266842.40267256
40267107	1	0.3779182434082031	chr15.40266842.40267256
40267107	2	-0.16356658935546875	chr15.40266842.40267256
40267107	3	-0.3012216091156006	chr15.40266842.40267256
40267108	0	0.28948020935058594	chr15.40266842.40267256
40267108	1	0.2383270263671875	chr15.40266842.40267256
40267108	2	0.0	chr15.40266842.40267256
40267108	3	0.48401546478271484	chr15.40266842.40267256
40267109	0	-0.2053537368774414	chr15.40266842.40267256
40267109	1	0.09520196914672852	chr15.40266842.40267256
40267109	2	0.0	chr15.40266842.40267256
40267109	3	-0.009740829467773438	chr15.40266842.40267256
40267110	0	0.2437429428100586	chr15.40266842.40267256
40267110	1	0.0	chr15.40266842.40267256
40267110	2	-0.278775691986084	chr15.40266842.40267256
40267110	3	-0.11957120895385742	chr15.40266842.40267256
40267111	0	-0.08917808532714844	chr15.40266842.40267256
40267111	1	-0.24755573272705078	chr15.40266842.40267256
40267111	2	0.09578132629394531	chr15.40266842.40267256
40267111	3	0.0	chr15.40266842.40267256
40267112	0	-0.04663515090942383	chr15.40266842.40267256
40267112	1	-0.32902097702026367	chr15.40266842.40267256
40267112	2	-0.15837764739990234	chr15.40266842.40267256
40267112	3	0.0	chr15.40266842.40267256
40267113	0	-0.0978689193725586	chr15.40266842.40267256
40267113	1	-0.328521728515625	chr15.40266842.40267256
40267113	2	-0.5357341766357422	chr15.40266842.40267256
40267113	3	0.0	chr15.40266842.40267256
40267114	0	0.0	chr15.40266842.40267256
40267114	1	0.0021796226501464844	chr15.40266842.40267256
40267114	2	-0.10536575317382812	chr15.40266842.40267256
40267114	3	-0.18967628479003906	chr15.40266842.40267256
40267115	0	-0.037479400634765625	chr15.40266842.40267256
40267115	1	0.0	chr15.40266842.40267256
40267115	2	-0.1801447868347168	chr15.40266842.40267256
40267115	3	-0.03650665283203125	chr15.40266842.40267256
40267116	0	0.0	chr15.40266842.40267256
40267116	1	-0.16368627548217773	chr15.40266842.40267256
40267116	2	0.056591033935546875	chr15.40266842.40267256
40267116	3	-0.06667280197143555	chr15.40266842.40267256
40267117	0	0.0	chr15.40266842.40267256
40267117	1	0.1311969757080078	chr15.40266842.40267256
40267117	2	-0.2339468002319336	chr15.40266842.40267256
40267117	3	-0.2847728729248047	chr15.40266842.40267256
40267118	0	0.33291149139404297	chr15.40266842.40267256
40267118	1	0.3760871887207031	chr15.40266842.40267256
40267118	2	0.0	chr15.40266842.40267256
40267118	3	-0.13669157028198242	chr15.40266842.40267256
40267119	0	0.042673587799072266	chr15.40266842.40267256
40267119	1	0.0	chr15.40266842.40267256
40267119	2	-0.8216161727905273	chr15.40266842.40267256
40267119	3	-0.13901329040527344	chr15.40266842.40267256
40267120	0	0.0	chr15.40266842.40267256
40267120	1	-0.29244422912597656	chr15.40266842.40267256
40267120	2	-0.09935379028320312	chr15.40266842.40267256
40267120	3	0.06081247329711914	chr15.40266842.40267256
40267121	0	-0.053128719329833984	chr15.40266842.40267256
40267121	1	0.0	chr15.40266842.40267256
40267121	2	-0.0437006950378418	chr15.40266842.40267256
40267121	3	-0.24678516387939453	chr15.40266842.40267256
40267122	0	0.0	chr15.40266842.40267256
40267122	1	-0.1933608055114746	chr15.40266842.40267256
40267122	2	-0.14605045318603516	chr15.40266842.40267256
40267122	3	-0.1654195785522461	chr15.40266842.40267256
40267123	0	-0.13869476318359375	chr15.40266842.40267256
40267123	1	-0.4367077350616455	chr15.40266842.40267256
40267123	2	0.0	chr15.40266842.40267256
40267123	3	-0.4169023036956787	chr15.40266842.40267256
40267124	0	-0.279909610748291	chr15.40266842.40267256
40267124	1	0.0	chr15.40266842.40267256
40267124	2	-0.5079131126403809	chr15.40266842.40267256
40267124	3	-0.33339643478393555	chr15.40266842.40267256
40267125	0	0.0	chr15.40266842.40267256
40267125	1	0.08041620254516602	chr15.40266842.40267256
40267125	2	-0.4698524475097656	chr15.40266842.40267256
40267125	3	-0.10300159454345703	chr15.40266842.40267256
40267126	0	-0.08849811553955078	chr15.40266842.40267256
40267126	1	-0.3370492458343506	chr15.40266842.40267256
40267126	2	0.0	chr15.40266842.40267256
40267126	3	-0.4201202392578125	chr15.40266842.40267256
40267127	0	0.10244894027709961	chr15.40266842.40267256
40267127	1	0.0	chr15.40266842.40267256
40267127	2	0.5457210540771484	chr15.40266842.40267256
40267127	3	0.4420804977416992	chr15.40266842.40267256
40267128	0	0.3716912269592285	chr15.40266842.40267256
40267128	1	0.0	chr15.40266842.40267256
40267128	2	0.4210624694824219	chr15.40266842.40267256
40267128	3	0.6053066253662109	chr15.40266842.40267256
40267129	0	0.0	chr15.40266842.40267256
40267129	1	-0.33721351623535156	chr15.40266842.40267256
40267129	2	0.6584186553955078	chr15.40266842.40267256
40267129	3	0.34798431396484375	chr15.40266842.40267256
40267130	0	1.0793676376342773	chr15.40266842.40267256
40267130	1	0.0	chr15.40266842.40267256
40267130	2	0.4094524383544922	chr15.40266842.40267256
40267130	3	-0.003554821014404297	chr15.40266842.40267256
40267131	0	0.42734718322753906	chr15.40266842.40267256
40267131	1	-1.1393721103668213	chr15.40266842.40267256
40267131	2	1.3780126571655273	chr15.40266842.40267256
40267131	3	0.0	chr15.40266842.40267256
40267132	0	0.11745643615722656	chr15.40266842.40267256
40267132	1	0.1841273307800293	chr15.40266842.40267256
40267132	2	0.16414976119995117	chr15.40266842.40267256
40267132	3	0.0	chr15.40266842.40267256
40267133	0	0.17250537872314453	chr15.40266842.40267256
40267133	1	-0.3113560676574707	chr15.40266842.40267256
40267133	2	0.0	chr15.40266842.40267256
40267133	3	0.0882577896118164	chr15.40266842.40267256
40267134	0	0.37927675247192383	chr15.40266842.40267256
40267134	1	0.13189411163330078	chr15.40266842.40267256
40267134	2	-0.10908126831054688	chr15.40266842.40267256
40267134	3	0.0	chr15.40266842.40267256
40267135	0	0.36066150665283203	chr15.40266842.40267256
40267135	1	-0.4733405113220215	chr15.40266842.40267256
40267135	2	0.08038520812988281	chr15.40266842.40267256
40267135	3	0.0	chr15.40266842.40267256
40267136	0	0.41829633712768555	chr15.40266842.40267256
40267136	1	0.0	chr15.40266842.40267256
40267136	2	0.31337404251098633	chr15.40266842.40267256
40267136	3	0.36192893981933594	chr15.40266842.40267256
40267137	0	0.20302724838256836	chr15.40266842.40267256
40267137	1	-0.14142560958862305	chr15.40266842.40267256
40267137	2	0.07606649398803711	chr15.40266842.40267256
40267137	3	0.0	chr15.40266842.40267256
40267138	0	-0.12429571151733398	chr15.40266842.40267256
40267138	1	0.13646316528320312	chr15.40266842.40267256
40267138	2	0.021741867065429688	chr15.40266842.40267256
40267138	3	0.0	chr15.40266842.40267256
40267139	0	0.24419403076171875	chr15.40266842.40267256
40267139	1	0.005965709686279297	chr15.40266842.40267256
40267139	2	-0.1012716293334961	chr15.40266842.40267256
40267139	3	0.0	chr15.40266842.40267256
40267140	0	0.0	chr15.40266842.40267256
40267140	1	0.13748979568481445	chr15.40266842.40267256
40267140	2	0.0020074844360351562	chr15.40266842.40267256
40267140	3	-0.06367063522338867	chr15.40266842.40267256
40267141	0	0.1767711639404297	chr15.40266842.40267256
40267141	1	-0.22849178314208984	chr15.40266842.40267256
40267141	2	0.0	chr15.40266842.40267256
40267141	3	-0.15130853652954102	chr15.40266842.40267256
40267142	0	-0.07682418823242188	chr15.40266842.40267256
40267142	1	0.0	chr15.40266842.40267256
40267142	2	-0.4926574230194092	chr15.40266842.40267256
40267142	3	0.0028028488159179688	chr15.40266842.40267256
40267143	0	-0.54551100730896	chr15.40266842.40267256
40267143	1	-0.36150574684143066	chr15.40266842.40267256
40267143	2	0.03640127182006836	chr15.40266842.40267256
40267143	3	0.0	chr15.40266842.40267256
40267144	0	0.25458383560180664	chr15.40266842.40267256
40267144	1	0.0	chr15.40266842.40267256
40267144	2	0.2989645004272461	chr15.40266842.40267256
40267144	3	-0.16128206253051758	chr15.40266842.40267256
40267145	0	0.2892155647277832	chr15.40266842.40267256
40267145	1	0.0	chr15.40266842.40267256
40267145	2	0.029128551483154297	chr15.40266842.40267256
40267145	3	-0.0063419342041015625	chr15.40266842.40267256
40267146	0	-0.3152179718017578	chr15.40266842.40267256
40267146	1	0.2838706970214844	chr15.40266842.40267256
40267146	2	-0.16301774978637695	chr15.40266842.40267256
40267146	3	0.0	chr15.40266842.40267256
40267147	0	-0.83894944190979	chr15.40266842.40267256
40267147	1	1.087083339691162	chr15.40266842.40267256
40267147	2	0.014599800109863281	chr15.40266842.40267256
40267147	3	0.0	chr15.40266842.40267256
40267148	0	-0.006749629974365234	chr15.40266842.40267256
40267148	1	0.0	chr15.40266842.40267256
40267148	2	0.054480552673339844	chr15.40266842.40267256
40267148	3	-0.10666561126708984	chr15.40266842.40267256
40267149	0	-0.2798466682434082	chr15.40266842.40267256
40267149	1	0.0	chr15.40266842.40267256
40267149	2	0.32161474227905273	chr15.40266842.40267256
40267149	3	-0.3629343509674072	chr15.40266842.40267256
40267150	0	-0.12999629974365234	chr15.40266842.40267256
40267150	1	-0.20352554321289062	chr15.40266842.40267256
40267150	2	0.29817628860473633	chr15.40266842.40267256
40267150	3	0.0	chr15.40266842.40267256
40267151	0	-0.33390092849731445	chr15.40266842.40267256
40267151	1	-0.3404579162597656	chr15.40266842.40267256
40267151	2	0.0	chr15.40266842.40267256
40267151	3	-0.4383819103240967	chr15.40266842.40267256
40267152	0	-0.32868409156799316	chr15.40266842.40267256
40267152	1	-0.1241145133972168	chr15.40266842.40267256
40267152	2	0.0	chr15.40266842.40267256
40267152	3	-0.08188438415527344	chr15.40266842.40267256
40267153	0	-0.28168296813964844	chr15.40266842.40267256
40267153	1	-0.27604246139526367	chr15.40266842.40267256
40267153	2	0.0	chr15.40266842.40267256
40267153	3	-0.38025474548339844	chr15.40266842.40267256
40267154	0	0.0	chr15.40266842.40267256
40267154	1	0.538874626159668	chr15.40266842.40267256
40267154	2	-0.0702505111694336	chr15.40266842.40267256
40267154	3	-0.06850194931030273	chr15.40266842.40267256
40267155	0	-0.324371337890625	chr15.40266842.40267256
40267155	1	-0.16326522827148438	chr15.40266842.40267256
40267155	2	0.0	chr15.40266842.40267256
40267155	3	-0.4225010871887207	chr15.40266842.40267256
40267156	0	0.05412435531616211	chr15.40266842.40267256
40267156	1	0.010972976684570312	chr15.40266842.40267256
40267156	2	0.0	chr15.40266842.40267256
40267156	3	0.05055570602416992	chr15.40266842.40267256
40267157	0	0.15042352676391602	chr15.40266842.40267256
40267157	1	0.1188197135925293	chr15.40266842.40267256
40267157	2	0.0	chr15.40266842.40267256
40267157	3	0.02722644805908203	chr15.40266842.40267256
40267158	0	0.5928716659545898	chr15.40266842.40267256
40267158	1	0.42916059494018555	chr15.40266842.40267256
40267158	2	0.768345832824707	chr15.40266842.40267256
40267158	3	0.0	chr15.40266842.40267256
40267159	0	0.13236570358276367	chr15.40266842.40267256
40267159	1	0.0	chr15.40266842.40267256
40267159	2	0.06474971771240234	chr15.40266842.40267256
40267159	3	0.39981508255004883	chr15.40266842.40267256
40267160	0	0.0	chr15.40266842.40267256
40267160	1	-0.11385917663574219	chr15.40266842.40267256
40267160	2	0.03315591812133789	chr15.40266842.40267256
40267160	3	0.3230457305908203	chr15.40266842.40267256
40267161	0	0.0	chr15.40266842.40267256
40267161	1	-0.1107015609741211	chr15.40266842.40267256
40267161	2	0.105194091796875	chr15.40266842.40267256
40267161	3	-0.04105520248413086	chr15.40266842.40267256
40267162	0	0.0	chr15.40266842.40267256
40267162	1	-0.12197542190551758	chr15.40266842.40267256
40267162	2	-0.6026277542114258	chr15.40266842.40267256
40267162	3	-0.39139580726623535	chr15.40266842.40267256
40267163	0	0.05750226974487305	chr15.40266842.40267256
40267163	1	0.15029573440551758	chr15.40266842.40267256
40267163	2	0.0	chr15.40266842.40267256
40267163	3	-0.018406391143798828	chr15.40266842.40267256
40267164	0	-0.15338373184204102	chr15.40266842.40267256
40267164	1	-0.13784217834472656	chr15.40266842.40267256
40267164	2	0.0	chr15.40266842.40267256
40267164	3	-0.17776107788085938	chr15.40266842.40267256
40267165	0	-0.08594083786010742	chr15.40266842.40267256
40267165	1	0.0	chr15.40266842.40267256
40267165	2	-0.0902414321899414	chr15.40266842.40267256
40267165	3	-0.2702655792236328	chr15.40266842.40267256
40267166	0	0.0	chr15.40266842.40267256
40267166	1	-0.08133125305175781	chr15.40266842.40267256
40267166	2	0.1830921173095703	chr15.40266842.40267256
40267166	3	-0.2190251350402832	chr15.40266842.40267256
40267167	0	-0.09866523742675781	chr15.40266842.40267256
40267167	1	0.032355308532714844	chr15.40266842.40267256
40267167	2	0.0	chr15.40266842.40267256
40267167	3	0.7785663604736328	chr15.40266842.40267256
40267168	0	0.017844676971435547	chr15.40266842.40267256
40267168	1	-0.06720829010009766	chr15.40266842.40267256
40267168	2	0.2728891372680664	chr15.40266842.40267256
40267168	3	0.0	chr15.40266842.40267256
40267169	0	0.21579265594482422	chr15.40266842.40267256
40267169	1	0.0	chr15.40266842.40267256
40267169	2	0.1162567138671875	chr15.40266842.40267256
40267169	3	0.20182323455810547	chr15.40266842.40267256
40267170	0	0.11470413208007812	chr15.40266842.40267256
40267170	1	0.0	chr15.40266842.40267256
40267170	2	0.21388959884643555	chr15.40266842.40267256
40267170	3	0.25432348251342773	chr15.40266842.40267256
40267171	0	-0.05219554901123047	chr15.40266842.40267256
40267171	1	-0.15592098236083984	chr15.40266842.40267256
40267171	2	-0.06941032409667969	chr15.40266842.40267256
40267171	3	0.0	chr15.40266842.40267256
40267172	0	0.0	chr15.40266842.40267256
40267172	1	-0.05765962600708008	chr15.40266842.40267256
40267172	2	0.022668838500976562	chr15.40266842.40267256
40267172	3	0.0648946762084961	chr15.40266842.40267256
40267173	0	0.0	chr15.40266842.40267256
40267173	1	0.09226703643798828	chr15.40266842.40267256
40267173	2	-0.07667016983032227	chr15.40266842.40267256
40267173	3	0.004055976867675781	chr15.40266842.40267256
40267174	0	-0.1028141975402832	chr15.40266842.40267256
40267174	1	0.10663938522338867	chr15.40266842.40267256
40267174	2	0.0	chr15.40266842.40267256
40267174	3	-0.17983150482177734	chr15.40266842.40267256
40267175	0	0.0	chr15.40266842.40267256
40267175	1	0.08872222900390625	chr15.40266842.40267256
40267175	2	-0.12421703338623047	chr15.40266842.40267256
40267175	3	0.027292251586914062	chr15.40266842.40267256
40267176	0	0.0	chr15.40266842.40267256
40267176	1	-0.10644054412841797	chr15.40266842.40267256
40267176	2	-0.04353618621826172	chr15.40266842.40267256
40267176	3	-0.14275121688842773	chr15.40266842.40267256
40267177	0	0.0	chr15.40266842.40267256
40267177	1	-0.02261638641357422	chr15.40266842.40267256
40267177	2	0.08021163940429688	chr15.40266842.40267256
40267177	3	-0.13563871383666992	chr15.40266842.40267256
40267178	0	-0.10869026184082031	chr15.40266842.40267256
40267178	1	0.0	chr15.40266842.40267256
40267178	2	-0.26516056060791016	chr15.40266842.40267256
40267178	3	-0.1824507713317871	chr15.40266842.40267256
40267179	0	0.09998083114624023	chr15.40266842.40267256
40267179	1	0.14131879806518555	chr15.40266842.40267256
40267179	2	0.0	chr15.40266842.40267256
40267179	3	-0.034478187561035156	chr15.40266842.40267256
40267180	0	-0.0354151725769043	chr15.40266842.40267256
40267180	1	0.12284374237060547	chr15.40266842.40267256
40267180	2	0.0	chr15.40266842.40267256
40267180	3	0.02845907211303711	chr15.40266842.40267256
40267181	0	-0.2108936309814453	chr15.40266842.40267256
40267181	1	0.0	chr15.40266842.40267256
40267181	2	-0.39937615394592285	chr15.40266842.40267256
40267181	3	-0.20366191864013672	chr15.40266842.40267256
40267182	0	-0.13016319274902344	chr15.40266842.40267256
40267182	1	-0.031113147735595703	chr15.40266842.40267256
40267182	2	-0.01282358169555664	chr15.40266842.40267256
40267182	3	0.0	chr15.40266842.40267256
40267183	0	-0.1756591796875	chr15.40266842.40267256
40267183	1	-0.1877002716064453	chr15.40266842.40267256
40267183	2	0.0	chr15.40266842.40267256
40267183	3	-0.17205095291137695	chr15.40266842.40267256
40267184	0	-0.09975576400756836	chr15.40266842.40267256
40267184	1	0.0	chr15.40266842.40267256
40267184	2	-0.37746334075927734	chr15.40266842.40267256
40267184	3	-0.15931272506713867	chr15.40266842.40267256
40267185	0	0.04398202896118164	chr15.40266842.40267256
40267185	1	0.09566926956176758	chr15.40266842.40267256
40267185	2	-0.13205480575561523	chr15.40266842.40267256
40267185	3	0.0	chr15.40266842.40267256
40267186	0	-0.012377738952636719	chr15.40266842.40267256
40267186	1	0.05712890625	chr15.40266842.40267256
40267186	2	0.0	chr15.40266842.40267256
40267186	3	0.07401180267333984	chr15.40266842.40267256
40267187	0	0.0	chr15.40266842.40267256
40267187	1	-0.004628181457519531	chr15.40266842.40267256
40267187	2	-0.01699686050415039	chr15.40266842.40267256
40267187	3	-0.16207313537597656	chr15.40266842.40267256
40267188	0	-0.049915313720703125	chr15.40266842.40267256
40267188	1	0.0	chr15.40266842.40267256
40267188	2	0.03600454330444336	chr15.40266842.40267256
40267188	3	0.06273508071899414	chr15.40266842.40267256
40267189	0	0.0	chr15.40266842.40267256
40267189	1	-0.1303997039794922	chr15.40266842.40267256
40267189	2	0.03426980972290039	chr15.40266842.40267256
40267189	3	0.20399808883666992	chr15.40266842.40267256
40267190	0	0.12148332595825195	chr15.40266842.40267256
40267190	1	0.04053306579589844	chr15.40266842.40267256
40267190	2	0.0	chr15.40266842.40267256
40267190	3	0.011875152587890625	chr15.40266842.40267256
40267191	0	0.3523063659667969	chr15.40266842.40267256
40267191	1	0.29812002182006836	chr15.40266842.40267256
40267191	2	0.020802021026611328	chr15.40266842.40267256
40267191	3	0.0	chr15.40266842.40267256
40267192	0	0.20966005325317383	chr15.40266842.40267256
40267192	1	0.2616572380065918	chr15.40266842.40267256
40267192	2	0.0	chr15.40266842.40267256
40267192	3	0.18828678131103516	chr15.40266842.40267256
40267193	0	-0.020765304565429688	chr15.40266842.40267256
40267193	1	0.033208370208740234	chr15.40266842.40267256
40267193	2	0.0	chr15.40266842.40267256
40267193	3	0.19445466995239258	chr15.40266842.40267256
40267194	0	0.31591367721557617	chr15.40266842.40267256
40267194	1	0.0	chr15.40266842.40267256
40267194	2	0.17522287368774414	chr15.40266842.40267256
40267194	3	0.22248554229736328	chr15.40266842.40267256
40267195	0	0.0	chr15.40266842.40267256
40267195	1	0.2173166275024414	chr15.40266842.40267256
40267195	2	0.3265037536621094	chr15.40266842.40267256
40267195	3	0.4996342658996582	chr15.40266842.40267256
40267196	0	-0.01827239990234375	chr15.40266842.40267256
40267196	1	0.053999900817871094	chr15.40266842.40267256
40267196	2	0.10110902786254883	chr15.40266842.40267256
40267196	3	0.0	chr15.40266842.40267256
40267197	0	-0.1428523063659668	chr15.40266842.40267256
40267197	1	-0.07001924514770508	chr15.40266842.40267256
40267197	2	0.0	chr15.40266842.40267256
40267197	3	0.014269351959228516	chr15.40266842.40267256
40267198	0	3.2108407020568848	chr15.40266842.40267256
40267198	1	0.897730827331543	chr15.40266842.40267256
40267198	2	0.0	chr15.40266842.40267256
40267198	3	0.4660520553588867	chr15.40266842.40267256
40267199	0	0.036853790283203125	chr15.40266842.40267256
40267199	1	0.07584333419799805	chr15.40266842.40267256
40267199	2	0.0	chr15.40266842.40267256
40267199	3	0.09845256805419922	chr15.40266842.40267256
40267200	0	0.0323643684387207	chr15.40266842.40267256
40267200	1	-0.23291492462158203	chr15.40266842.40267256
40267200	2	-0.08506488800048828	chr15.40266842.40267256
40267200	3	0.0	chr15.40266842.40267256
40267201	0	0.0	chr15.40266842.40267256
40267201	1	-0.14902925491333008	chr15.40266842.40267256
40267201	2	-0.17885589599609375	chr15.40266842.40267256
40267201	3	-0.03891801834106445	chr15.40266842.40267256
40267202	0	0.0	chr15.40266842.40267256
40267202	1	-0.09131765365600586	chr15.40266842.40267256
40267202	2	-0.058763980865478516	chr15.40266842.40267256
40267202	3	-0.0702509880065918	chr15.40266842.40267256
40267203	0	0.013306140899658203	chr15.40266842.40267256
40267203	1	-0.046866416931152344	chr15.40266842.40267256
40267203	2	0.018953323364257812	chr15.40266842.40267256
40267203	3	0.0	chr15.40266842.40267256
40267204	0	0.09540176391601562	chr15.40266842.40267256
40267204	1	0.1313929557800293	chr15.40266842.40267256
40267204	2	0.0	chr15.40266842.40267256
40267204	3	0.07119464874267578	chr15.40266842.40267256
40267205	0	0.054225921630859375	chr15.40266842.40267256
40267205	1	0.0313715934753418	chr15.40266842.40267256
40267205	2	0.0	chr15.40266842.40267256
40267205	3	0.052120208740234375	chr15.40266842.40267256
40267206	0	0.0	chr15.40266842.40267256
40267206	1	0.011534690856933594	chr15.40266842.40267256
40267206	2	0.06399726867675781	chr15.40266842.40267256
40267206	3	-0.12506389617919922	chr15.40266842.40267256
40267207	0	-0.03277587890625	chr15.40266842.40267256
40267207	1	-0.0007839202880859375	chr15.40266842.40267256
40267207	2	0.0	chr15.40266842.40267256
40267207	3	0.09330177307128906	chr15.40266842.40267256
40267208	0	-0.04070234298706055	chr15.40266842.40267256
40267208	1	0.0	chr15.40266842.40267256
40267208	2	-0.12462663650512695	chr15.40266842.40267256
40267208	3	-0.05659198760986328	chr15.40266842.40267256
40267209	0	-0.2844271659851074	chr15.40266842.40267256
40267209	1	0.0	chr15.40266842.40267256
40267209	2	-0.09015321731567383	chr15.40266842.40267256
40267209	3	-0.11114358901977539	chr15.40266842.40267256
40267210	0	-0.057338714599609375	chr15.40266842.40267256
40267210	1	-0.025707244873046875	chr15.40266842.40267256
40267210	2	0.014321327209472656	chr15.40266842.40267256
40267210	3	0.0	chr15.40266842.40267256
40267211	0	-0.13009357452392578	chr15.40266842.40267256
40267211	1	0.0	chr15.40266842.40267256
40267211	2	-0.15130138397216797	chr15.40266842.40267256
40267211	3	-0.11444377899169922	chr15.40266842.40267256
40267212	0	-0.23934221267700195	chr15.40266842.40267256
40267212	1	0.0	chr15.40266842.40267256
40267212	2	-0.14415550231933594	chr15.40266842.40267256
40267212	3	-0.11069536209106445	chr15.40266842.40267256
40267213	0	-0.1682753562927246	chr15.40266842.40267256
40267213	1	0.0	chr15.40266842.40267256
40267213	2	-0.14837932586669922	chr15.40266842.40267256
40267213	3	-0.1810283660888672	chr15.40266842.40267256
40267214	0	-0.21616888046264648	chr15.40266842.40267256
40267214	1	0.0	chr15.40266842.40267256
40267214	2	-0.2555880546569824	chr15.40266842.40267256
40267214	3	-0.18816232681274414	chr15.40266842.40267256
40267215	0	-0.07333707809448242	chr15.40266842.40267256
40267215	1	0.10491323471069336	chr15.40266842.40267256
40267215	2	0.02820730209350586	chr15.40266842.40267256
40267215	3	0.0	chr15.40266842.40267256
40267216	0	-0.09119176864624023	chr15.40266842.40267256
40267216	1	0.0	chr15.40266842.40267256
40267216	2	-0.12593412399291992	chr15.40266842.40267256
40267216	3	-0.113494873046875	chr15.40266842.40267256
40267217	0	-0.09783792495727539	chr15.40266842.40267256
40267217	1	0.0	chr15.40266842.40267256
40267217	2	-0.06660127639770508	chr15.40266842.40267256
40267217	3	-0.08337068557739258	chr15.40266842.40267256
40267218	0	-0.2317948341369629	chr15.40266842.40267256
40267218	1	0.0	chr15.40266842.40267256
40267218	2	-0.14261150360107422	chr15.40266842.40267256
40267218	3	-0.017682552337646484	chr15.40266842.40267256
40267219	0	-0.04918670654296875	chr15.40266842.40267256
40267219	1	0.14574813842773438	chr15.40266842.40267256
40267219	2	0.006490230560302734	chr15.40266842.40267256
40267219	3	0.0	chr15.40266842.40267256
40267220	0	0.008960723876953125	chr15.40266842.40267256
40267220	1	0.0	chr15.40266842.40267256
40267220	2	0.10061359405517578	chr15.40266842.40267256
40267220	3	-0.021976947784423828	chr15.40266842.40267256
40267221	0	-0.07097196578979492	chr15.40266842.40267256
40267221	1	0.0	chr15.40266842.40267256
40267221	2	0.0020999908447265625	chr15.40266842.40267256
40267221	3	-0.03522014617919922	chr15.40266842.40267256
40267222	0	-0.03731203079223633	chr15.40266842.40267256
40267222	1	-0.05108451843261719	chr15.40266842.40267256
40267222	2	0.0373234748840332	chr15.40266842.40267256
40267222	3	0.0	chr15.40266842.40267256
40267223	0	-0.12202262878417969	chr15.40266842.40267256
40267223	1	-0.13321208953857422	chr15.40266842.40267256
40267223	2	0.0	chr15.40266842.40267256
40267223	3	-0.18926477432250977	chr15.40266842.40267256
40267224	0	-0.14077186584472656	chr15.40266842.40267256
40267224	1	-0.07085180282592773	chr15.40266842.40267256
40267224	2	0.0	chr15.40266842.40267256
40267224	3	-0.10705709457397461	chr15.40266842.40267256
40267225	0	-0.08667945861816406	chr15.40266842.40267256
40267225	1	-0.15212011337280273	chr15.40266842.40267256
40267225	2	0.0	chr15.40266842.40267256
40267225	3	-0.15561676025390625	chr15.40266842.40267256
40267226	0	0.0	chr15.40266842.40267256
40267226	1	0.12400674819946289	chr15.40266842.40267256
40267226	2	-0.14111566543579102	chr15.40266842.40267256
40267226	3	-0.21189212799072266	chr15.40266842.40267256
40267227	0	-0.08652162551879883	chr15.40266842.40267256
40267227	1	-0.0893545150756836	chr15.40266842.40267256
40267227	2	0.0	chr15.40266842.40267256
40267227	3	-0.22355985641479492	chr15.40266842.40267256
40267228	0	-0.06003379821777344	chr15.40266842.40267256
40267228	1	-0.05559492111206055	chr15.40266842.40267256
40267228	2	0.0	chr15.40266842.40267256
40267228	3	-0.07313919067382812	chr15.40266842.40267256
40267229	0	-0.07345867156982422	chr15.40266842.40267256
40267229	1	-0.029047012329101562	chr15.40266842.40267256
40267229	2	0.0	chr15.40266842.40267256
40267229	3	-0.07312631607055664	chr15.40266842.40267256
40267230	0	0.07390975952148438	chr15.40266842.40267256
40267230	1	0.0	chr15.40266842.40267256
40267230	2	0.04940080642700195	chr15.40266842.40267256
40267230	3	-0.06307220458984375	chr15.40266842.40267256
40267231	0	-0.18239116668701172	chr15.40266842.40267256
40267231	1	0.054219722747802734	chr15.40266842.40267256
40267231	2	-0.06617546081542969	chr15.40266842.40267256
40267231	3	0.0	chr15.40266842.40267256
40267232	0	-0.13626527786254883	chr15.40266842.40267256
40267232	1	0.003814697265625	chr15.40266842.40267256
40267232	2	-0.01170206069946289	chr15.40266842.40267256
40267232	3	0.0	chr15.40266842.40267256
40267233	0	-0.01584005355834961	chr15.40266842.40267256
40267233	1	-0.09459590911865234	chr15.40266842.40267256
40267233	2	-0.09464359283447266	chr15.40266842.40267256
40267233	3	0.0	chr15.40266842.40267256
40267234	0	0.0	chr15.40266842.40267256
40267234	1	-0.017554759979248047	chr15.40266842.40267256
40267234	2	-0.058290958404541016	chr15.40266842.40267256
40267234	3	-0.07036018371582031	chr15.40266842.40267256
40267235	0	0.0	chr15.40266842.40267256
40267235	1	0.00740814208984375	chr15.40266842.40267256
40267235	2	-0.09669065475463867	chr15.40266842.40267256
40267235	3	-0.15538883209228516	chr15.40266842.40267256
40267236	0	0.024281024932861328	chr15.40266842.40267256
40267236	1	-0.022757530212402344	chr15.40266842.40267256
40267236	2	0.0	chr15.40266842.40267256
40267236	3	-0.11594343185424805	chr15.40266842.40267256
40267237	0	0.0	chr15.40266842.40267256
40267237	1	-0.026782989501953125	chr15.40266842.40267256
40267237	2	-0.0020780563354492188	chr15.40266842.40267256
40267237	3	-0.04397773742675781	chr15.40266842.40267256
40267238	0	-0.00046825408935546875	chr15.40266842.40267256
40267238	1	0.0	chr15.40266842.40267256
40267238	2	-0.027420997619628906	chr15.40266842.40267256
40267238	3	0.07760906219482422	chr15.40266842.40267256
40267239	0	0.0	chr15.40266842.40267256
40267239	1	-0.09859180450439453	chr15.40266842.40267256
40267239	2	-0.048193931579589844	chr15.40266842.40267256
40267239	3	-0.01891946792602539	chr15.40266842.40267256
40267240	0	0.0	chr15.40266842.40267256
40267240	1	0.07098674774169922	chr15.40266842.40267256
40267240	2	0.05740165710449219	chr15.40266842.40267256
40267240	3	0.012448787689208984	chr15.40266842.40267256
40267241	0	-0.1563549041748047	chr15.40266842.40267256
40267241	1	-0.119781494140625	chr15.40266842.40267256
40267241	2	0.0	chr15.40266842.40267256
40267241	3	-0.1394805908203125	chr15.40266842.40267256
40267242	0	-0.08877706527709961	chr15.40266842.40267256
40267242	1	0.0	chr15.40266842.40267256
40267242	2	-0.09338712692260742	chr15.40266842.40267256
40267242	3	-0.04575157165527344	chr15.40266842.40267256
40267243	0	-0.1511707305908203	chr15.40266842.40267256
40267243	1	0.0	chr15.40266842.40267256
40267243	2	-0.07539606094360352	chr15.40266842.40267256
40267243	3	-0.059828758239746094	chr15.40266842.40267256
40267244	0	-0.026780128479003906	chr15.40266842.40267256
40267244	1	0.020999431610107422	chr15.40266842.40267256
40267244	2	-0.09036445617675781	chr15.40266842.40267256
40267244	3	0.0	chr15.40266842.40267256
40267245	0	-0.10125541687011719	chr15.40266842.40267256
40267245	1	0.010730266571044922	chr15.40266842.40267256
40267245	2	0.0	chr15.40266842.40267256
40267245	3	-0.06988811492919922	chr15.40266842.40267256
40267246	0	0.2028818130493164	chr15.40266842.40267256
40267246	1	0.1791515350341797	chr15.40266842.40267256
40267246	2	0.0	chr15.40266842.40267256
40267246	3	0.18584918975830078	chr15.40266842.40267256
40267247	0	0.1172175407409668	chr15.40266842.40267256
40267247	1	0.15030860900878906	chr15.40266842.40267256
40267247	2	0.0	chr15.40266842.40267256
40267247	3	0.17110109329223633	chr15.40266842.40267256
40267248	0	0.021226882934570312	chr15.40266842.40267256
40267248	1	-0.06310462951660156	chr15.40266842.40267256
40267248	2	-0.08660221099853516	chr15.40266842.40267256
40267248	3	0.0	chr15.40266842.40267256
40267249	0	0.0	chr15.40266842.40267256
40267249	1	-0.02039051055908203	chr15.40266842.40267256
40267249	2	-0.04938364028930664	chr15.40266842.40267256
40267249	3	-0.0044097900390625	chr15.40266842.40267256
40267250	0	0.013930797576904297	chr15.40266842.40267256
40267250	1	0.0	chr15.40266842.40267256
40267250	2	-0.0453639030456543	chr15.40266842.40267256
40267250	3	-0.06638288497924805	chr15.40266842.40267256
40267251	0	0.015141010284423828	chr15.40266842.40267256
40267251	1	-0.19872570037841797	chr15.40266842.40267256
40267251	2	0.11587142944335938	chr15.40266842.40267256
40267251	3	0.0	chr15.40266842.40267256
40267252	0	0.015156745910644531	chr15.40266842.40267256
40267252	1	0.0	chr15.40266842.40267256
40267252	2	0.07953739166259766	chr15.40266842.40267256
40267252	3	-0.027229785919189453	chr15.40266842.40267256
40267253	0	-0.48426222801208496	chr15.40266842.40267256
40267253	1	0.0	chr15.40266842.40267256
40267253	2	0.03712272644042969	chr15.40266842.40267256
40267253	3	-0.016791343688964844	chr15.40266842.40267256
40267254	0	0.016621112823486328	chr15.40266842.40267256
40267254	1	0.0	chr15.40266842.40267256
40267254	2	0.036299705505371094	chr15.40266842.40267256
40267254	3	0.062277793884277344	chr15.40266842.40267256
40267255	0	-0.017663955688476562	chr15.40266842.40267256
40267255	1	0.0	chr15.40266842.40267256
40267255	2	0.0017914772033691406	chr15.40266842.40267256
40267255	3	0.021277904510498047	chr15.40266842.40267256
