Position	Mutation	Amplitude	Name
163756292	0	0.0816049873828888	chr6.163756292.163756452
163756292	1	0.0	chr6.163756292.163756452
163756292	2	-0.0008949637413024902	chr6.163756292.163756452
163756292	3	0.023814529180526733	chr6.163756292.163756452
163756293	0	-0.013844452798366547	chr6.163756292.163756452
163756293	1	-0.010876305401325226	chr6.163756292.163756452
163756293	2	0.0	chr6.163756292.163756452
163756293	3	-0.007195986807346344	chr6.163756292.163756452
163756294	0	-0.00031375885009765625	chr6.163756292.163756452
163756294	1	0.0	chr6.163756292.163756452
163756294	2	0.032898783683776855	chr6.163756292.163756452
163756294	3	0.011348292231559753	chr6.163756292.163756452
163756295	0	-0.011572003364562988	chr6.163756292.163756452
163756295	1	-0.01746821403503418	chr6.163756292.163756452
163756295	2	-0.020097285509109497	chr6.163756292.163756452
163756295	3	0.0	chr6.163756292.163756452
163756296	0	-0.010458730161190033	chr6.163756292.163756452
163756296	1	-0.009170323610305786	chr6.163756292.163756452
163756296	2	0.0	chr6.163756292.163756452
163756296	3	-0.010922886431217194	chr6.163756292.163756452
163756297	0	-0.0010721981525421143	chr6.163756292.163756452
163756297	1	0.0003127157688140869	chr6.163756292.163756452
163756297	2	0.0	chr6.163756292.163756452
163756297	3	-0.0024093836545944214	chr6.163756292.163756452
163756298	0	-0.01681511104106903	chr6.163756292.163756452
163756298	1	0.0	chr6.163756292.163756452
163756298	2	-0.02154497057199478	chr6.163756292.163756452
163756298	3	-0.02226831763982773	chr6.163756292.163756452
163756299	0	0.0	chr6.163756292.163756452
163756299	1	-0.023308508098125458	chr6.163756292.163756452
163756299	2	-0.02283569425344467	chr6.163756292.163756452
163756299	3	-0.008898146450519562	chr6.163756292.163756452
163756300	0	0.002389758825302124	chr6.163756292.163756452
163756300	1	-0.009511977434158325	chr6.163756292.163756452
163756300	2	0.0	chr6.163756292.163756452
163756300	3	-0.006674602627754211	chr6.163756292.163756452
163756301	0	0.0025119930505752563	chr6.163756292.163756452
163756301	1	0.0	chr6.163756292.163756452
163756301	2	0.012254014611244202	chr6.163756292.163756452
163756301	3	0.0038509592413902283	chr6.163756292.163756452
163756302	0	0.020133808255195618	chr6.163756292.163756452
163756302	1	0.0	chr6.163756292.163756452
163756302	2	0.004891090095043182	chr6.163756292.163756452
163756302	3	0.006548658013343811	chr6.163756292.163756452
163756303	0	0.0	chr6.163756292.163756452
163756303	1	-0.010253049433231354	chr6.163756292.163756452
163756303	2	-0.009254828095436096	chr6.163756292.163756452
163756303	3	0.002715393900871277	chr6.163756292.163756452
163756304	0	0.0414297878742218	chr6.163756292.163756452
163756304	1	0.0	chr6.163756292.163756452
163756304	2	0.04005229473114014	chr6.163756292.163756452
163756304	3	-8.767098188400269e-05	chr6.163756292.163756452
163756305	0	0.018478915095329285	chr6.163756292.163756452
163756305	1	0.0	chr6.163756292.163756452
163756305	2	0.019577547907829285	chr6.163756292.163756452
163756305	3	0.00626913458108902	chr6.163756292.163756452
163756306	0	0.0	chr6.163756292.163756452
163756306	1	0.02297857403755188	chr6.163756292.163756452
163756306	2	0.01950344443321228	chr6.163756292.163756452
163756306	3	-0.004362121224403381	chr6.163756292.163756452
163756307	0	0.015624135732650757	chr6.163756292.163756452
163756307	1	0.01703624427318573	chr6.163756292.163756452
163756307	2	0.020223647356033325	chr6.163756292.163756452
163756307	3	0.0	chr6.163756292.163756452
163756308	0	-0.005749106407165527	chr6.163756292.163756452
163756308	1	0.00828637182712555	chr6.163756292.163756452
163756308	2	0.003063574433326721	chr6.163756292.163756452
163756308	3	0.0	chr6.163756292.163756452
163756309	0	-0.007368408143520355	chr6.163756292.163756452
163756309	1	0.0	chr6.163756292.163756452
163756309	2	0.0023173466324806213	chr6.163756292.163756452
163756309	3	-0.027139782905578613	chr6.163756292.163756452
163756310	0	0.008424855768680573	chr6.163756292.163756452
163756310	1	-0.0030597075819969177	chr6.163756292.163756452
163756310	2	-0.002463109791278839	chr6.163756292.163756452
163756310	3	0.0	chr6.163756292.163756452
163756311	0	-0.012804359197616577	chr6.163756292.163756452
163756311	1	-0.002456866204738617	chr6.163756292.163756452
163756311	2	0.0	chr6.163756292.163756452
163756311	3	-0.008088938891887665	chr6.163756292.163756452
163756312	0	-0.00944887101650238	chr6.163756292.163756452
163756312	1	0.0	chr6.163756292.163756452
163756312	2	-0.012674972414970398	chr6.163756292.163756452
163756312	3	-0.008501239120960236	chr6.163756292.163756452
163756313	0	0.0037549957633018494	chr6.163756292.163756452
163756313	1	-0.004472985863685608	chr6.163756292.163756452
163756313	2	-0.007432363927364349	chr6.163756292.163756452
163756313	3	0.0	chr6.163756292.163756452
163756314	0	-0.01297713816165924	chr6.163756292.163756452
163756314	1	-0.003558136522769928	chr6.163756292.163756452
163756314	2	-0.002392590045928955	chr6.163756292.163756452
163756314	3	0.0	chr6.163756292.163756452
163756315	0	-0.01057344675064087	chr6.163756292.163756452
163756315	1	-0.004297271370887756	chr6.163756292.163756452
163756315	2	-0.004529863595962524	chr6.163756292.163756452
163756315	3	0.0	chr6.163756292.163756452
163756316	0	-0.007936671376228333	chr6.163756292.163756452
163756316	1	0.0	chr6.163756292.163756452
163756316	2	0.007668629288673401	chr6.163756292.163756452
163756316	3	-0.00371551513671875	chr6.163756292.163756452
163756317	0	0.006557285785675049	chr6.163756292.163756452
163756317	1	-0.011164426803588867	chr6.163756292.163756452
163756317	2	0.0039509013295173645	chr6.163756292.163756452
163756317	3	0.0	chr6.163756292.163756452
163756318	0	-0.010561637580394745	chr6.163756292.163756452
163756318	1	0.0	chr6.163756292.163756452
163756318	2	0.007219940423965454	chr6.163756292.163756452
163756318	3	0.0038537904620170593	chr6.163756292.163756452
163756319	0	0.009878545999526978	chr6.163756292.163756452
163756319	1	-0.003020450472831726	chr6.163756292.163756452
163756319	2	0.015576615929603577	chr6.163756292.163756452
163756319	3	0.0	chr6.163756292.163756452
163756320	0	-0.009202852845191956	chr6.163756292.163756452
163756320	1	0.0	chr6.163756292.163756452
163756320	2	0.0040354058146476746	chr6.163756292.163756452
163756320	3	-0.0018529370427131653	chr6.163756292.163756452
163756321	0	0.002076461911201477	chr6.163756292.163756452
163756321	1	0.000360734760761261	chr6.163756292.163756452
163756321	2	0.004096828401088715	chr6.163756292.163756452
163756321	3	0.0	chr6.163756292.163756452
163756322	0	-0.011704303324222565	chr6.163756292.163756452
163756322	1	0.0	chr6.163756292.163756452
163756322	2	0.002565830945968628	chr6.163756292.163756452
163756322	3	0.0004870966076850891	chr6.163756292.163756452
163756323	0	0.004324421286582947	chr6.163756292.163756452
163756323	1	-0.008820682764053345	chr6.163756292.163756452
163756323	2	-0.0064925700426101685	chr6.163756292.163756452
163756323	3	0.0	chr6.163756292.163756452
163756324	0	-0.006980806589126587	chr6.163756292.163756452
163756324	1	-0.005291149020195007	chr6.163756292.163756452
163756324	2	0.0	chr6.163756292.163756452
163756324	3	-0.015253931283950806	chr6.163756292.163756452
163756325	0	0.0	chr6.163756292.163756452
163756325	1	-0.004668928682804108	chr6.163756292.163756452
163756325	2	-0.010866567492485046	chr6.163756292.163756452
163756325	3	-0.00472790002822876	chr6.163756292.163756452
163756326	0	-0.0020934268832206726	chr6.163756292.163756452
163756326	1	-0.005967199802398682	chr6.163756292.163756452
163756326	2	-0.00975126028060913	chr6.163756292.163756452
163756326	3	0.0	chr6.163756292.163756452
163756327	0	-0.013520166277885437	chr6.163756292.163756452
163756327	1	-0.007356695830821991	chr6.163756292.163756452
163756327	2	-0.005759865045547485	chr6.163756292.163756452
163756327	3	0.0	chr6.163756292.163756452
163756328	0	-0.007284052670001984	chr6.163756292.163756452
163756328	1	-0.007991574704647064	chr6.163756292.163756452
163756328	2	-0.01117350161075592	chr6.163756292.163756452
163756328	3	0.0	chr6.163756292.163756452
163756329	0	-0.0039169564843177795	chr6.163756292.163756452
163756329	1	-0.003939837217330933	chr6.163756292.163756452
163756329	2	0.0	chr6.163756292.163756452
163756329	3	-0.009518951177597046	chr6.163756292.163756452
163756330	0	0.0	chr6.163756292.163756452
163756330	1	-4.286319017410278e-05	chr6.163756292.163756452
163756330	2	0.012314409017562866	chr6.163756292.163756452
163756330	3	-0.0037173479795455933	chr6.163756292.163756452
163756331	0	0.006039269268512726	chr6.163756292.163756452
163756331	1	0.0	chr6.163756292.163756452
163756331	2	-0.007699139416217804	chr6.163756292.163756452
163756331	3	0.00612921267747879	chr6.163756292.163756452
163756332	0	0.015145838260650635	chr6.163756292.163756452
163756332	1	-0.01732967048883438	chr6.163756292.163756452
163756332	2	0.00027117133140563965	chr6.163756292.163756452
163756332	3	0.0	chr6.163756292.163756452
163756333	0	-0.011581599712371826	chr6.163756292.163756452
163756333	1	-0.014655977487564087	chr6.163756292.163756452
163756333	2	0.0	chr6.163756292.163756452
163756333	3	-0.0165889710187912	chr6.163756292.163756452
163756334	0	-0.0042458996176719666	chr6.163756292.163756452
163756334	1	0.0	chr6.163756292.163756452
163756334	2	-0.005791433155536652	chr6.163756292.163756452
163756334	3	-0.004181690514087677	chr6.163756292.163756452
163756335	0	-0.0025700554251670837	chr6.163756292.163756452
163756335	1	0.0023971199989318848	chr6.163756292.163756452
163756335	2	0.0023841336369514465	chr6.163756292.163756452
163756335	3	0.0	chr6.163756292.163756452
163756336	0	0.0005437210202217102	chr6.163756292.163756452
163756336	1	0.0	chr6.163756292.163756452
163756336	2	0.0010539442300796509	chr6.163756292.163756452
163756336	3	0.0018526315689086914	chr6.163756292.163756452
163756337	0	0.001051105558872223	chr6.163756292.163756452
163756337	1	0.0022105202078819275	chr6.163756292.163756452
163756337	2	-0.0005392879247665405	chr6.163756292.163756452
163756337	3	0.0	chr6.163756292.163756452
163756338	0	-0.007558070123195648	chr6.163756292.163756452
163756338	1	0.007461927831172943	chr6.163756292.163756452
163756338	2	0.0	chr6.163756292.163756452
163756338	3	0.000910632312297821	chr6.163756292.163756452
163756339	0	0.024427354335784912	chr6.163756292.163756452
163756339	1	0.03279951214790344	chr6.163756292.163756452
163756339	2	0.0	chr6.163756292.163756452
163756339	3	-0.007134057581424713	chr6.163756292.163756452
163756340	0	0.0	chr6.163756292.163756452
163756340	1	0.00449623167514801	chr6.163756292.163756452
163756340	2	0.003433339297771454	chr6.163756292.163756452
163756340	3	0.008010677993297577	chr6.163756292.163756452
163756341	0	-0.0044368356466293335	chr6.163756292.163756452
163756341	1	-0.00804225355386734	chr6.163756292.163756452
163756341	2	0.004886947572231293	chr6.163756292.163756452
163756341	3	0.0	chr6.163756292.163756452
163756342	0	0.0	chr6.163756292.163756452
163756342	1	-0.0011848360300064087	chr6.163756292.163756452
163756342	2	0.01566225290298462	chr6.163756292.163756452
163756342	3	0.0035694390535354614	chr6.163756292.163756452
163756343	0	0.027141407132148743	chr6.163756292.163756452
163756343	1	0.0	chr6.163756292.163756452
163756343	2	-0.0003361031413078308	chr6.163756292.163756452
163756343	3	0.004449076950550079	chr6.163756292.163756452
163756344	0	0.007957488298416138	chr6.163756292.163756452
163756344	1	-0.0011413544416427612	chr6.163756292.163756452
163756344	2	0.009840399026870728	chr6.163756292.163756452
163756344	3	0.0	chr6.163756292.163756452
163756345	0	-0.0009393244981765747	chr6.163756292.163756452
163756345	1	-0.009194917976856232	chr6.163756292.163756452
163756345	2	0.021010607481002808	chr6.163756292.163756452
163756345	3	0.0	chr6.163756292.163756452
163756346	0	0.00016698986291885376	chr6.163756292.163756452
163756346	1	0.0	chr6.163756292.163756452
163756346	2	0.00269395112991333	chr6.163756292.163756452
163756346	3	0.011789321899414062	chr6.163756292.163756452
163756347	0	0.0	chr6.163756292.163756452
163756347	1	-0.010761462152004242	chr6.163756292.163756452
163756347	2	-0.007155649363994598	chr6.163756292.163756452
163756347	3	-0.007360130548477173	chr6.163756292.163756452
163756348	0	-0.009773455560207367	chr6.163756292.163756452
163756348	1	-0.008551768958568573	chr6.163756292.163756452
163756348	2	-0.023799292743206024	chr6.163756292.163756452
163756348	3	0.0	chr6.163756292.163756452
163756349	0	-0.010407038033008575	chr6.163756292.163756452
163756349	1	-0.00919351726770401	chr6.163756292.163756452
163756349	2	0.0	chr6.163756292.163756452
163756349	3	-0.004098057746887207	chr6.163756292.163756452
163756350	0	-0.010204419493675232	chr6.163756292.163756452
163756350	1	0.0172441303730011	chr6.163756292.163756452
163756350	2	-0.008233025670051575	chr6.163756292.163756452
163756350	3	0.0	chr6.163756292.163756452
163756351	0	0.0	chr6.163756292.163756452
163756351	1	-0.010548584163188934	chr6.163756292.163756452
163756351	2	-0.000629812479019165	chr6.163756292.163756452
163756351	3	-0.0030461177229881287	chr6.163756292.163756452
163756352	0	0.0	chr6.163756292.163756452
163756352	1	-0.01342705637216568	chr6.163756292.163756452
163756352	2	-0.011870086193084717	chr6.163756292.163756452
163756352	3	-0.01643715798854828	chr6.163756292.163756452
163756353	0	0.0	chr6.163756292.163756452
163756353	1	-0.00932852178812027	chr6.163756292.163756452
163756353	2	-0.016439512372016907	chr6.163756292.163756452
163756353	3	0.005539059638977051	chr6.163756292.163756452
163756354	0	-0.003300294280052185	chr6.163756292.163756452
163756354	1	-0.00816924124956131	chr6.163756292.163756452
163756354	2	-0.006857290863990784	chr6.163756292.163756452
163756354	3	0.0	chr6.163756292.163756452
163756355	0	-0.0044538602232933044	chr6.163756292.163756452
163756355	1	0.003664441406726837	chr6.163756292.163756452
163756355	2	0.0	chr6.163756292.163756452
163756355	3	0.005968965590000153	chr6.163756292.163756452
163756356	0	0.008327893912792206	chr6.163756292.163756452
163756356	1	0.009904921054840088	chr6.163756292.163756452
163756356	2	0.0	chr6.163756292.163756452
163756356	3	0.004412941634654999	chr6.163756292.163756452
163756357	0	0.0	chr6.163756292.163756452
163756357	1	-0.0018428415060043335	chr6.163756292.163756452
163756357	2	0.011804461479187012	chr6.163756292.163756452
163756357	3	-0.0023572295904159546	chr6.163756292.163756452
163756358	0	-0.0026098117232322693	chr6.163756292.163756452
163756358	1	0.0	chr6.163756292.163756452
163756358	2	0.004833817481994629	chr6.163756292.163756452
163756358	3	0.0033257901668548584	chr6.163756292.163756452
163756359	0	-0.002958841621875763	chr6.163756292.163756452
163756359	1	-0.010418049991130829	chr6.163756292.163756452
163756359	2	0.0010952204465866089	chr6.163756292.163756452
163756359	3	0.0	chr6.163756292.163756452
163756360	0	-0.0031410083174705505	chr6.163756292.163756452
163756360	1	0.0	chr6.163756292.163756452
163756360	2	0.003408782184123993	chr6.163756292.163756452
163756360	3	-0.00735289603471756	chr6.163756292.163756452
163756361	0	-0.0010511279106140137	chr6.163756292.163756452
163756361	1	-0.003332488238811493	chr6.163756292.163756452
163756361	2	0.002496182918548584	chr6.163756292.163756452
163756361	3	0.0	chr6.163756292.163756452
163756362	0	-0.0023369193077087402	chr6.163756292.163756452
163756362	1	0.002931535243988037	chr6.163756292.163756452
163756362	2	0.004971951246261597	chr6.163756292.163756452
163756362	3	0.0	chr6.163756292.163756452
163756363	0	0.0	chr6.163756292.163756452
163756363	1	-0.005096442997455597	chr6.163756292.163756452
163756363	2	-0.00044271349906921387	chr6.163756292.163756452
163756363	3	0.009808570146560669	chr6.163756292.163756452
163756364	0	-0.0049697160720825195	chr6.163756292.163756452
163756364	1	0.0	chr6.163756292.163756452
163756364	2	-0.004430435597896576	chr6.163756292.163756452
163756364	3	-0.008194029331207275	chr6.163756292.163756452
163756365	0	0.0	chr6.163756292.163756452
163756365	1	-0.0059626176953315735	chr6.163756292.163756452
163756365	2	-0.003618106245994568	chr6.163756292.163756452
163756365	3	0.00018692761659622192	chr6.163756292.163756452
163756366	0	-0.008449450135231018	chr6.163756292.163756452
163756366	1	-0.006247922778129578	chr6.163756292.163756452
163756366	2	0.0	chr6.163756292.163756452
163756366	3	-0.0016238242387771606	chr6.163756292.163756452
163756367	0	-0.007355600595474243	chr6.163756292.163756452
163756367	1	0.004047967493534088	chr6.163756292.163756452
163756367	2	0.0012556090950965881	chr6.163756292.163756452
163756367	3	0.0	chr6.163756292.163756452
163756368	0	0.0	chr6.163756292.163756452
163756368	1	0.012683913111686707	chr6.163756292.163756452
163756368	2	0.0064549073576927185	chr6.163756292.163756452
163756368	3	-0.005280502140522003	chr6.163756292.163756452
163756369	0	0.00840771198272705	chr6.163756292.163756452
163756369	1	0.00047641992568969727	chr6.163756292.163756452
163756369	2	-0.0028815865516662598	chr6.163756292.163756452
163756369	3	0.0	chr6.163756292.163756452
163756370	0	-0.012331262230873108	chr6.163756292.163756452
163756370	1	-0.007096700370311737	chr6.163756292.163756452
163756370	2	-0.004081346094608307	chr6.163756292.163756452
163756370	3	0.0	chr6.163756292.163756452
163756371	0	-0.0057485103607177734	chr6.163756292.163756452
163756371	1	-0.002366386353969574	chr6.163756292.163756452
163756371	2	-0.004694059491157532	chr6.163756292.163756452
163756371	3	0.0	chr6.163756292.163756452
163756372	0	-0.008711494505405426	chr6.163756292.163756452
163756372	1	-0.006456896662712097	chr6.163756292.163756452
163756372	2	0.0	chr6.163756292.163756452
163756372	3	-0.007563479244709015	chr6.163756292.163756452
163756373	0	-0.009682662785053253	chr6.163756292.163756452
163756373	1	-0.0022973641753196716	chr6.163756292.163756452
163756373	2	-0.007268473505973816	chr6.163756292.163756452
163756373	3	0.0	chr6.163756292.163756452
163756374	0	-0.007149681448936462	chr6.163756292.163756452
163756374	1	0.0	chr6.163756292.163756452
163756374	2	-0.0019455328583717346	chr6.163756292.163756452
163756374	3	-0.0026461929082870483	chr6.163756292.163756452
163756375	0	0.0009058117866516113	chr6.163756292.163756452
163756375	1	-0.004226215183734894	chr6.163756292.163756452
163756375	2	-0.003583960235118866	chr6.163756292.163756452
163756375	3	0.0	chr6.163756292.163756452
163756376	0	-0.0051901936531066895	chr6.163756292.163756452
163756376	1	-0.00012367963790893555	chr6.163756292.163756452
163756376	2	0.0010323897004127502	chr6.163756292.163756452
163756376	3	0.0	chr6.163756292.163756452
163756377	0	-0.0016871914267539978	chr6.163756292.163756452
163756377	1	-0.0003878474235534668	chr6.163756292.163756452
163756377	2	0.004495121538639069	chr6.163756292.163756452
163756377	3	0.0	chr6.163756292.163756452
163756378	0	-0.0014938116073608398	chr6.163756292.163756452
163756378	1	0.0027520954608917236	chr6.163756292.163756452
163756378	2	0.008219830691814423	chr6.163756292.163756452
163756378	3	0.0	chr6.163756292.163756452
163756379	0	-0.0008092597126960754	chr6.163756292.163756452
163756379	1	-0.0002197548747062683	chr6.163756292.163756452
163756379	2	-0.0008522570133209229	chr6.163756292.163756452
163756379	3	0.0	chr6.163756292.163756452
163756380	0	-0.0005064830183982849	chr6.163756292.163756452
163756380	1	-0.003663770854473114	chr6.163756292.163756452
163756380	2	0.0	chr6.163756292.163756452
163756380	3	-0.004066936671733856	chr6.163756292.163756452
163756381	0	-0.0007300153374671936	chr6.163756292.163756452
163756381	1	-0.00018265098333358765	chr6.163756292.163756452
163756381	2	-0.00538354367017746	chr6.163756292.163756452
163756381	3	0.0	chr6.163756292.163756452
163756382	0	0.009822770953178406	chr6.163756292.163756452
163756382	1	0.0029589757323265076	chr6.163756292.163756452
163756382	2	0.0	chr6.163756292.163756452
163756382	3	0.0022510960698127747	chr6.163756292.163756452
163756383	0	0.0	chr6.163756292.163756452
163756383	1	0.01681038737297058	chr6.163756292.163756452
163756383	2	0.0043675899505615234	chr6.163756292.163756452
163756383	3	0.0012540742754936218	chr6.163756292.163756452
163756384	0	0.010989323258399963	chr6.163756292.163756452
163756384	1	0.0010550916194915771	chr6.163756292.163756452
163756384	2	0.00010573118925094604	chr6.163756292.163756452
163756384	3	0.0	chr6.163756292.163756452
163756385	0	-0.0035210996866226196	chr6.163756292.163756452
163756385	1	0.0015990957617759705	chr6.163756292.163756452
163756385	2	-0.003649197518825531	chr6.163756292.163756452
163756385	3	0.0	chr6.163756292.163756452
163756386	0	-0.002083294093608856	chr6.163756292.163756452
163756386	1	0.0048752352595329285	chr6.163756292.163756452
163756386	2	0.0	chr6.163756292.163756452
163756386	3	0.002782374620437622	chr6.163756292.163756452
163756387	0	0.002542726695537567	chr6.163756292.163756452
163756387	1	0.0016166344285011292	chr6.163756292.163756452
163756387	2	0.0	chr6.163756292.163756452
163756387	3	0.0008801966905593872	chr6.163756292.163756452
163756388	0	0.005093604326248169	chr6.163756292.163756452
163756388	1	0.0	chr6.163756292.163756452
163756388	2	-0.0010693594813346863	chr6.163756292.163756452
163756388	3	-0.0035309940576553345	chr6.163756292.163756452
163756389	0	0.012690901756286621	chr6.163756292.163756452
163756389	1	-0.0008244588971138	chr6.163756292.163756452
163756389	2	0.005283050239086151	chr6.163756292.163756452
163756389	3	0.0	chr6.163756292.163756452
163756390	0	-0.003209933638572693	chr6.163756292.163756452
163756390	1	0.00452018529176712	chr6.163756292.163756452
163756390	2	0.006028264760971069	chr6.163756292.163756452
163756390	3	0.0	chr6.163756292.163756452
163756391	0	0.0	chr6.163756292.163756452
163756391	1	-0.0067365169525146484	chr6.163756292.163756452
163756391	2	0.000946924090385437	chr6.163756292.163756452
163756391	3	-0.006235070526599884	chr6.163756292.163756452
163756392	0	0.00849752128124237	chr6.163756292.163756452
163756392	1	0.001477457582950592	chr6.163756292.163756452
163756392	2	0.008019253611564636	chr6.163756292.163756452
163756392	3	0.0	chr6.163756292.163756452
163756393	0	-0.0030150413513183594	chr6.163756292.163756452
163756393	1	0.0003300979733467102	chr6.163756292.163756452
163756393	2	0.0033397898077964783	chr6.163756292.163756452
163756393	3	0.0	chr6.163756292.163756452
163756394	0	-3.707408905029297e-05	chr6.163756292.163756452
163756394	1	0.0024420246481895447	chr6.163756292.163756452
163756394	2	0.006647080183029175	chr6.163756292.163756452
163756394	3	0.0	chr6.163756292.163756452
163756395	0	-0.002643100917339325	chr6.163756292.163756452
163756395	1	0.0	chr6.163756292.163756452
163756395	2	-0.002221435308456421	chr6.163756292.163756452
163756395	3	-0.0024547427892684937	chr6.163756292.163756452
163756396	0	0.0	chr6.163756292.163756452
163756396	1	0.006237253546714783	chr6.163756292.163756452
163756396	2	0.0010834559798240662	chr6.163756292.163756452
163756396	3	-0.0005839765071868896	chr6.163756292.163756452
163756397	0	0.00902627408504486	chr6.163756292.163756452
163756397	1	0.0	chr6.163756292.163756452
163756397	2	0.0009277686476707458	chr6.163756292.163756452
163756397	3	-0.001307174563407898	chr6.163756292.163756452
163756398	0	0.0006263703107833862	chr6.163756292.163756452
163756398	1	-0.005863301455974579	chr6.163756292.163756452
163756398	2	0.0048283785581588745	chr6.163756292.163756452
163756398	3	0.0	chr6.163756292.163756452
163756399	0	0.0009451583027839661	chr6.163756292.163756452
163756399	1	0.005801253020763397	chr6.163756292.163756452
163756399	2	0.004696473479270935	chr6.163756292.163756452
163756399	3	0.0	chr6.163756292.163756452
163756400	0	0.0	chr6.163756292.163756452
163756400	1	0.003586888313293457	chr6.163756292.163756452
163756400	2	0.004481978714466095	chr6.163756292.163756452
163756400	3	0.002407446503639221	chr6.163756292.163756452
163756401	0	-0.006817638874053955	chr6.163756292.163756452
163756401	1	-0.005577586591243744	chr6.163756292.163756452
163756401	2	0.0	chr6.163756292.163756452
163756401	3	-0.00606178492307663	chr6.163756292.163756452
163756402	0	-0.004074454307556152	chr6.163756292.163756452
163756402	1	0.0	chr6.163756292.163756452
163756402	2	-0.007457934319972992	chr6.163756292.163756452
163756402	3	-0.004951834678649902	chr6.163756292.163756452
163756403	0	0.0026593953371047974	chr6.163756292.163756452
163756403	1	-0.003508731722831726	chr6.163756292.163756452
163756403	2	-0.009394221007823944	chr6.163756292.163756452
163756403	3	0.0	chr6.163756292.163756452
163756404	0	0.0007512196898460388	chr6.163756292.163756452
163756404	1	-0.014302358031272888	chr6.163756292.163756452
163756404	2	0.0037312209606170654	chr6.163756292.163756452
163756404	3	0.0	chr6.163756292.163756452
163756405	0	0.0	chr6.163756292.163756452
163756405	1	0.0007833689451217651	chr6.163756292.163756452
163756405	2	-0.003963202238082886	chr6.163756292.163756452
163756405	3	0.000682532787322998	chr6.163756292.163756452
163756406	0	0.0	chr6.163756292.163756452
163756406	1	-0.0028436779975891113	chr6.163756292.163756452
163756406	2	-0.0054374560713768005	chr6.163756292.163756452
163756406	3	0.0013944655656814575	chr6.163756292.163756452
163756407	0	-0.006335824728012085	chr6.163756292.163756452
163756407	1	0.001815013587474823	chr6.163756292.163756452
163756407	2	-0.004571504890918732	chr6.163756292.163756452
163756407	3	0.0	chr6.163756292.163756452
163756408	0	-0.0030882656574249268	chr6.163756292.163756452
163756408	1	0.00342637300491333	chr6.163756292.163756452
163756408	2	0.0	chr6.163756292.163756452
163756408	3	0.0034652724862098694	chr6.163756292.163756452
163756409	0	-0.003681570291519165	chr6.163756292.163756452
163756409	1	0.012758716940879822	chr6.163756292.163756452
163756409	2	0.010904207825660706	chr6.163756292.163756452
163756409	3	0.0	chr6.163756292.163756452
163756410	0	0.000457078218460083	chr6.163756292.163756452
163756410	1	0.0	chr6.163756292.163756452
163756410	2	0.005859240889549255	chr6.163756292.163756452
163756410	3	0.0010919123888015747	chr6.163756292.163756452
163756411	0	0.0027718693017959595	chr6.163756292.163756452
163756411	1	0.0	chr6.163756292.163756452
163756411	2	0.007052510976791382	chr6.163756292.163756452
163756411	3	0.0011884123086929321	chr6.163756292.163756452
163756412	0	-0.00630776584148407	chr6.163756292.163756452
163756412	1	-0.001704871654510498	chr6.163756292.163756452
163756412	2	-0.001858055591583252	chr6.163756292.163756452
163756412	3	0.0	chr6.163756292.163756452
163756413	0	-0.0042843297123909	chr6.163756292.163756452
163756413	1	0.0	chr6.163756292.163756452
163756413	2	0.001527741551399231	chr6.163756292.163756452
163756413	3	0.0008237659931182861	chr6.163756292.163756452
163756414	0	0.0	chr6.163756292.163756452
163756414	1	0.0028596818447113037	chr6.163756292.163756452
163756414	2	0.0060674771666526794	chr6.163756292.163756452
163756414	3	-0.004796259105205536	chr6.163756292.163756452
163756415	0	0.0	chr6.163756292.163756452
163756415	1	0.0016558393836021423	chr6.163756292.163756452
163756415	2	0.010101214051246643	chr6.163756292.163756452
163756415	3	-0.0027454569935798645	chr6.163756292.163756452
163756416	0	-0.005453802645206451	chr6.163756292.163756452
163756416	1	-0.001765720546245575	chr6.163756292.163756452
163756416	2	0.0	chr6.163756292.163756452
163756416	3	-0.00357973575592041	chr6.163756292.163756452
163756417	0	-0.007424980401992798	chr6.163756292.163756452
163756417	1	-0.0015213340520858765	chr6.163756292.163756452
163756417	2	0.0	chr6.163756292.163756452
163756417	3	-0.006577089428901672	chr6.163756292.163756452
163756418	0	-0.0041325390338897705	chr6.163756292.163756452
163756418	1	0.0	chr6.163756292.163756452
163756418	2	-0.012582994997501373	chr6.163756292.163756452
163756418	3	-0.010784737765789032	chr6.163756292.163756452
163756419	0	-0.0004307553172111511	chr6.163756292.163756452
163756419	1	-0.0022736117243766785	chr6.163756292.163756452
163756419	2	0.0036691054701805115	chr6.163756292.163756452
163756419	3	0.0	chr6.163756292.163756452
163756420	0	0.0019447654485702515	chr6.163756292.163756452
163756420	1	0.0	chr6.163756292.163756452
163756420	2	0.002847447991371155	chr6.163756292.163756452
163756420	3	-0.0031938329339027405	chr6.163756292.163756452
163756421	0	0.0	chr6.163756292.163756452
163756421	1	0.00046847760677337646	chr6.163756292.163756452
163756421	2	0.0011337995529174805	chr6.163756292.163756452
163756421	3	-0.0056329816579818726	chr6.163756292.163756452
163756422	0	-0.0014320239424705505	chr6.163756292.163756452
163756422	1	-0.0021322742104530334	chr6.163756292.163756452
163756422	2	0.007949329912662506	chr6.163756292.163756452
163756422	3	0.0	chr6.163756292.163756452
163756423	0	-0.0032711103558540344	chr6.163756292.163756452
163756423	1	0.0	chr6.163756292.163756452
163756423	2	-0.0017390251159667969	chr6.163756292.163756452
163756423	3	0.004989683628082275	chr6.163756292.163756452
163756424	0	0.00021711736917495728	chr6.163756292.163756452
163756424	1	0.0	chr6.163756292.163756452
163756424	2	-0.00013203918933868408	chr6.163756292.163756452
163756424	3	0.004776269197463989	chr6.163756292.163756452
163756425	0	-0.007165625691413879	chr6.163756292.163756452
163756425	1	-0.0034622251987457275	chr6.163756292.163756452
163756425	2	0.0	chr6.163756292.163756452
163756425	3	-0.0034951046109199524	chr6.163756292.163756452
163756426	0	-0.0017772018909454346	chr6.163756292.163756452
163756426	1	-0.0023487061262130737	chr6.163756292.163756452
163756426	2	-0.006206616759300232	chr6.163756292.163756452
163756426	3	0.0	chr6.163756292.163756452
163756427	0	-0.0007867813110351562	chr6.163756292.163756452
163756427	1	0.001018129289150238	chr6.163756292.163756452
163756427	2	0.0	chr6.163756292.163756452
163756427	3	-0.0003530755639076233	chr6.163756292.163756452
163756428	0	0.0015020966529846191	chr6.163756292.163756452
163756428	1	0.006158709526062012	chr6.163756292.163756452
163756428	2	0.0009306967258453369	chr6.163756292.163756452
163756428	3	0.0	chr6.163756292.163756452
163756429	0	0.0005318894982337952	chr6.163756292.163756452
163756429	1	0.0025734230875968933	chr6.163756292.163756452
163756429	2	0.0024642720818519592	chr6.163756292.163756452
163756429	3	0.0	chr6.163756292.163756452
163756430	0	-0.002807416021823883	chr6.163756292.163756452
163756430	1	0.0060654133558273315	chr6.163756292.163756452
163756430	2	0.0	chr6.163756292.163756452
163756430	3	0.006473556160926819	chr6.163756292.163756452
163756431	0	-0.003812834620475769	chr6.163756292.163756452
163756431	1	-0.0035795196890830994	chr6.163756292.163756452
163756431	2	-0.00527588278055191	chr6.163756292.163756452
163756431	3	0.0	chr6.163756292.163756452
163756432	0	-0.0024360865354537964	chr6.163756292.163756452
163756432	1	-0.001386791467666626	chr6.163756292.163756452
163756432	2	0.0	chr6.163756292.163756452
163756432	3	-0.004580922424793243	chr6.163756292.163756452
163756433	0	-0.001827150583267212	chr6.163756292.163756452
163756433	1	0.005088701844215393	chr6.163756292.163756452
163756433	2	0.0	chr6.163756292.163756452
163756433	3	-0.004478186368942261	chr6.163756292.163756452
163756434	0	-0.006589733064174652	chr6.163756292.163756452
163756434	1	0.0	chr6.163756292.163756452
163756434	2	-0.005529172718524933	chr6.163756292.163756452
163756434	3	-0.004906490445137024	chr6.163756292.163756452
163756435	0	0.0	chr6.163756292.163756452
163756435	1	-0.006909780204296112	chr6.163756292.163756452
163756435	2	-0.005970336496829987	chr6.163756292.163756452
163756435	3	-0.004596836864948273	chr6.163756292.163756452
163756436	0	-0.00202111154794693	chr6.163756292.163756452
163756436	1	-0.003813996911048889	chr6.163756292.163756452
163756436	2	0.00715116411447525	chr6.163756292.163756452
163756436	3	0.0	chr6.163756292.163756452
163756437	0	0.013575837016105652	chr6.163756292.163756452
163756437	1	0.01914164423942566	chr6.163756292.163756452
163756437	2	0.0	chr6.163756292.163756452
163756437	3	-0.0018050819635391235	chr6.163756292.163756452
163756438	0	-0.006708748638629913	chr6.163756292.163756452
163756438	1	-0.004377186298370361	chr6.163756292.163756452
163756438	2	-0.012609437108039856	chr6.163756292.163756452
163756438	3	0.0	chr6.163756292.163756452
163756439	0	-0.004966534674167633	chr6.163756292.163756452
163756439	1	-0.003836318850517273	chr6.163756292.163756452
163756439	2	0.0	chr6.163756292.163756452
163756439	3	-0.005288086831569672	chr6.163756292.163756452
163756440	0	-0.002179674804210663	chr6.163756292.163756452
163756440	1	0.004792623221874237	chr6.163756292.163756452
163756440	2	-0.0009348466992378235	chr6.163756292.163756452
163756440	3	0.0	chr6.163756292.163756452
163756441	0	-0.0024352222681045532	chr6.163756292.163756452
163756441	1	0.0	chr6.163756292.163756452
163756441	2	0.002819538116455078	chr6.163756292.163756452
163756441	3	0.0024314895272254944	chr6.163756292.163756452
163756442	0	0.0	chr6.163756292.163756452
163756442	1	0.059954673051834106	chr6.163756292.163756452
163756442	2	-0.000361025333404541	chr6.163756292.163756452
163756442	3	0.001246713101863861	chr6.163756292.163756452
163756443	0	0.0	chr6.163756292.163756452
163756443	1	0.009531006217002869	chr6.163756292.163756452
163756443	2	0.007807843387126923	chr6.163756292.163756452
163756443	3	-0.00015439093112945557	chr6.163756292.163756452
163756444	0	0.0	chr6.163756292.163756452
163756444	1	0.009274005889892578	chr6.163756292.163756452
163756444	2	0.0041723549365997314	chr6.163756292.163756452
163756444	3	0.007919080555438995	chr6.163756292.163756452
163756445	0	0.0053329020738601685	chr6.163756292.163756452
163756445	1	0.0012704208493232727	chr6.163756292.163756452
163756445	2	0.0	chr6.163756292.163756452
163756445	3	0.006421640515327454	chr6.163756292.163756452
163756446	0	0.007633239030838013	chr6.163756292.163756452
163756446	1	0.010731503367424011	chr6.163756292.163756452
163756446	2	0.00042031705379486084	chr6.163756292.163756452
163756446	3	0.0	chr6.163756292.163756452
163756447	0	0.005251266062259674	chr6.163756292.163756452
163756447	1	0.0005659088492393494	chr6.163756292.163756452
163756447	2	0.005769446492195129	chr6.163756292.163756452
163756447	3	0.0	chr6.163756292.163756452
163756448	0	-0.000688694417476654	chr6.163756292.163756452
163756448	1	-0.0051755234599113464	chr6.163756292.163756452
163756448	2	0.0038341134786605835	chr6.163756292.163756452
163756448	3	0.0	chr6.163756292.163756452
163756449	0	-0.009146519005298615	chr6.163756292.163756452
163756449	1	-0.002913638949394226	chr6.163756292.163756452
163756449	2	-0.00437309592962265	chr6.163756292.163756452
163756449	3	0.0	chr6.163756292.163756452
163756450	0	-0.0009287670254707336	chr6.163756292.163756452
163756450	1	0.0	chr6.163756292.163756452
163756450	2	-0.0030819326639175415	chr6.163756292.163756452
163756450	3	0.0012149140238761902	chr6.163756292.163756452
163756451	0	-0.0011296942830085754	chr6.163756292.163756452
163756451	1	0.0003244951367378235	chr6.163756292.163756452
163756451	2	-0.0037316158413887024	chr6.163756292.163756452
163756451	3	0.0	chr6.163756292.163756452
