Position	Mutation	Amplitude	Name
45095781	0	0.009670794010162354	chr20.45095781.45096191
45095781	1	0.0	chr20.45095781.45096191
45095781	2	0.007378280162811279	chr20.45095781.45096191
45095781	3	0.006210029125213623	chr20.45095781.45096191
45095782	0	0.005610942840576172	chr20.45095781.45096191
45095782	1	0.0	chr20.45095781.45096191
45095782	2	0.014850318431854248	chr20.45095781.45096191
45095782	3	0.008386850357055664	chr20.45095781.45096191
45095783	0	-0.0069155097007751465	chr20.45095781.45096191
45095783	1	0.0	chr20.45095781.45096191
45095783	2	0.01599949598312378	chr20.45095781.45096191
45095783	3	0.001238107681274414	chr20.45095781.45096191
45095784	0	-0.006930172443389893	chr20.45095781.45096191
45095784	1	0.0	chr20.45095781.45096191
45095784	2	0.014996826648712158	chr20.45095781.45096191
45095784	3	-0.006078600883483887	chr20.45095781.45096191
45095785	0	0.0024379491806030273	chr20.45095781.45096191
45095785	1	0.016585826873779297	chr20.45095781.45096191
45095785	2	0.011887073516845703	chr20.45095781.45096191
45095785	3	0.0	chr20.45095781.45096191
45095786	0	0.008423447608947754	chr20.45095781.45096191
45095786	1	0.01931065320968628	chr20.45095781.45096191
45095786	2	0.0	chr20.45095781.45096191
45095786	3	-1.2695789337158203e-05	chr20.45095781.45096191
45095787	0	0.013440132141113281	chr20.45095781.45096191
45095787	1	0.029349863529205322	chr20.45095781.45096191
45095787	2	0.0	chr20.45095781.45096191
45095787	3	0.01579195261001587	chr20.45095781.45096191
45095788	0	0.0	chr20.45095781.45096191
45095788	1	-0.0026530027389526367	chr20.45095781.45096191
45095788	2	0.0010750293731689453	chr20.45095781.45096191
45095788	3	0.011933624744415283	chr20.45095781.45096191
45095789	0	0.002611219882965088	chr20.45095781.45096191
45095789	1	0.0	chr20.45095781.45096191
45095789	2	0.011618196964263916	chr20.45095781.45096191
45095789	3	0.009046077728271484	chr20.45095781.45096191
45095790	0	-0.004388272762298584	chr20.45095781.45096191
45095790	1	0.0	chr20.45095781.45096191
45095790	2	0.008596837520599365	chr20.45095781.45096191
45095790	3	1.621246337890625e-05	chr20.45095781.45096191
45095791	0	0.0	chr20.45095781.45096191
45095791	1	-0.008223176002502441	chr20.45095781.45096191
45095791	2	0.02391493320465088	chr20.45095781.45096191
45095791	3	0.0025534629821777344	chr20.45095781.45096191
45095792	0	-0.0012255311012268066	chr20.45095781.45096191
45095792	1	0.0	chr20.45095781.45096191
45095792	2	0.010708987712860107	chr20.45095781.45096191
45095792	3	0.01867908239364624	chr20.45095781.45096191
45095793	0	0.027072548866271973	chr20.45095781.45096191
45095793	1	0.0	chr20.45095781.45096191
45095793	2	0.03238314390182495	chr20.45095781.45096191
45095793	3	0.01617974042892456	chr20.45095781.45096191
45095794	0	0.009880542755126953	chr20.45095781.45096191
45095794	1	0.0	chr20.45095781.45096191
45095794	2	0.022451162338256836	chr20.45095781.45096191
45095794	3	0.004582405090332031	chr20.45095781.45096191
45095795	0	0.0	chr20.45095781.45096191
45095795	1	-0.004975438117980957	chr20.45095781.45096191
45095795	2	0.010635137557983398	chr20.45095781.45096191
45095795	3	0.0035380125045776367	chr20.45095781.45096191
45095796	0	-0.0007515549659729004	chr20.45095781.45096191
45095796	1	0.0	chr20.45095781.45096191
45095796	2	0.0019756555557250977	chr20.45095781.45096191
45095796	3	-0.006620883941650391	chr20.45095781.45096191
45095797	0	0.0	chr20.45095781.45096191
45095797	1	0.013554692268371582	chr20.45095781.45096191
45095797	2	0.014281630516052246	chr20.45095781.45096191
45095797	3	0.005874335765838623	chr20.45095781.45096191
45095798	0	-0.00045418739318847656	chr20.45095781.45096191
45095798	1	0.019110381603240967	chr20.45095781.45096191
45095798	2	0.0	chr20.45095781.45096191
45095798	3	0.006322681903839111	chr20.45095781.45096191
45095799	0	0.0	chr20.45095781.45096191
45095799	1	0.002627849578857422	chr20.45095781.45096191
45095799	2	-0.0012609362602233887	chr20.45095781.45096191
45095799	3	0.001372218132019043	chr20.45095781.45096191
45095800	0	0.0	chr20.45095781.45096191
45095800	1	0.001990795135498047	chr20.45095781.45096191
45095800	2	-0.001564621925354004	chr20.45095781.45096191
45095800	3	0.00013709068298339844	chr20.45095781.45096191
45095801	0	0.001847386360168457	chr20.45095781.45096191
45095801	1	-0.0008803606033325195	chr20.45095781.45096191
45095801	2	0.0018880367279052734	chr20.45095781.45096191
45095801	3	0.0	chr20.45095781.45096191
45095802	0	0.010331273078918457	chr20.45095781.45096191
45095802	1	0.005996525287628174	chr20.45095781.45096191
45095802	2	0.004185676574707031	chr20.45095781.45096191
45095802	3	0.0	chr20.45095781.45096191
45095803	0	-0.0012111067771911621	chr20.45095781.45096191
45095803	1	0.0	chr20.45095781.45096191
45095803	2	-0.011842966079711914	chr20.45095781.45096191
45095803	3	-0.003728032112121582	chr20.45095781.45096191
45095804	0	0.0	chr20.45095781.45096191
45095804	1	0.002603888511657715	chr20.45095781.45096191
45095804	2	0.014773130416870117	chr20.45095781.45096191
45095804	3	-0.0012220144271850586	chr20.45095781.45096191
45095805	0	0.002542853355407715	chr20.45095781.45096191
45095805	1	0.0	chr20.45095781.45096191
45095805	2	0.0007939338684082031	chr20.45095781.45096191
45095805	3	0.0002821683883666992	chr20.45095781.45096191
45095806	0	-0.01950174570083618	chr20.45095781.45096191
45095806	1	0.014238119125366211	chr20.45095781.45096191
45095806	2	0.02549612522125244	chr20.45095781.45096191
45095806	3	0.0	chr20.45095781.45096191
45095807	0	0.007814228534698486	chr20.45095781.45096191
45095807	1	0.012985467910766602	chr20.45095781.45096191
45095807	2	0.010608971118927002	chr20.45095781.45096191
45095807	3	0.0	chr20.45095781.45096191
45095808	0	0.04085063934326172	chr20.45095781.45096191
45095808	1	-0.006521165370941162	chr20.45095781.45096191
45095808	2	0.009823977947235107	chr20.45095781.45096191
45095808	3	0.0	chr20.45095781.45096191
45095809	0	0.007165372371673584	chr20.45095781.45096191
45095809	1	0.0	chr20.45095781.45096191
45095809	2	0.002599060535430908	chr20.45095781.45096191
45095809	3	-0.002561211585998535	chr20.45095781.45096191
45095810	0	0.011222541332244873	chr20.45095781.45096191
45095810	1	0.0	chr20.45095781.45096191
45095810	2	0.017111361026763916	chr20.45095781.45096191
45095810	3	-0.0007499456405639648	chr20.45095781.45096191
45095811	0	-0.0033211112022399902	chr20.45095781.45096191
45095811	1	0.00126725435256958	chr20.45095781.45096191
45095811	2	0.02813124656677246	chr20.45095781.45096191
45095811	3	0.0	chr20.45095781.45096191
45095812	0	0.0	chr20.45095781.45096191
45095812	1	0.008532881736755371	chr20.45095781.45096191
45095812	2	0.0115584135055542	chr20.45095781.45096191
45095812	3	-0.0010856389999389648	chr20.45095781.45096191
45095813	0	0.0024055838584899902	chr20.45095781.45096191
45095813	1	0.02510899305343628	chr20.45095781.45096191
45095813	2	-0.0077700018882751465	chr20.45095781.45096191
45095813	3	0.0	chr20.45095781.45096191
45095814	0	-0.00039827823638916016	chr20.45095781.45096191
45095814	1	0.017897367477416992	chr20.45095781.45096191
45095814	2	0.0	chr20.45095781.45096191
45095814	3	0.004356205463409424	chr20.45095781.45096191
45095815	0	0.0015884041786193848	chr20.45095781.45096191
45095815	1	0.016337871551513672	chr20.45095781.45096191
45095815	2	0.0	chr20.45095781.45096191
45095815	3	0.011263668537139893	chr20.45095781.45096191
45095816	0	0.005320847034454346	chr20.45095781.45096191
45095816	1	0.0	chr20.45095781.45096191
45095816	2	-0.015917420387268066	chr20.45095781.45096191
45095816	3	-0.00035941600799560547	chr20.45095781.45096191
45095817	0	0.01056748628616333	chr20.45095781.45096191
45095817	1	0.012848377227783203	chr20.45095781.45096191
45095817	2	0.012364983558654785	chr20.45095781.45096191
45095817	3	0.0	chr20.45095781.45096191
45095818	0	-0.004652082920074463	chr20.45095781.45096191
45095818	1	-0.0015043020248413086	chr20.45095781.45096191
45095818	2	0.0	chr20.45095781.45096191
45095818	3	-0.0018627047538757324	chr20.45095781.45096191
45095819	0	0.0005638599395751953	chr20.45095781.45096191
45095819	1	0.014759957790374756	chr20.45095781.45096191
45095819	2	-0.002774953842163086	chr20.45095781.45096191
45095819	3	0.0	chr20.45095781.45096191
45095820	0	-0.007961273193359375	chr20.45095781.45096191
45095820	1	-0.005720019340515137	chr20.45095781.45096191
45095820	2	0.0	chr20.45095781.45096191
45095820	3	-0.00494384765625	chr20.45095781.45096191
45095821	0	-0.0044463276863098145	chr20.45095781.45096191
45095821	1	-0.0015406608581542969	chr20.45095781.45096191
45095821	2	0.00016647577285766602	chr20.45095781.45096191
45095821	3	0.0	chr20.45095781.45096191
45095822	0	0.0	chr20.45095781.45096191
45095822	1	-0.0006819367408752441	chr20.45095781.45096191
45095822	2	0.0060051679611206055	chr20.45095781.45096191
45095822	3	-0.005325675010681152	chr20.45095781.45096191
45095823	0	0.004672050476074219	chr20.45095781.45096191
45095823	1	0.01889735460281372	chr20.45095781.45096191
45095823	2	0.005256056785583496	chr20.45095781.45096191
45095823	3	0.0	chr20.45095781.45096191
45095824	0	-0.010337412357330322	chr20.45095781.45096191
45095824	1	0.0035014748573303223	chr20.45095781.45096191
45095824	2	0.0	chr20.45095781.45096191
45095824	3	-0.006743907928466797	chr20.45095781.45096191
45095825	0	0.0058509111404418945	chr20.45095781.45096191
45095825	1	0.006117761135101318	chr20.45095781.45096191
45095825	2	-0.0028163790702819824	chr20.45095781.45096191
45095825	3	0.0	chr20.45095781.45096191
45095826	0	0.021335840225219727	chr20.45095781.45096191
45095826	1	0.012283504009246826	chr20.45095781.45096191
45095826	2	0.0066877007484436035	chr20.45095781.45096191
45095826	3	0.0	chr20.45095781.45096191
45095827	0	0.0043152570724487305	chr20.45095781.45096191
45095827	1	0.0252532958984375	chr20.45095781.45096191
45095827	2	2.2649765014648438e-06	chr20.45095781.45096191
45095827	3	0.0	chr20.45095781.45096191
45095828	0	0.0038638710975646973	chr20.45095781.45096191
45095828	1	0.0069536566734313965	chr20.45095781.45096191
45095828	2	0.0	chr20.45095781.45096191
45095828	3	-0.00666964054107666	chr20.45095781.45096191
45095829	0	-0.001281440258026123	chr20.45095781.45096191
45095829	1	0.0	chr20.45095781.45096191
45095829	2	-0.002120375633239746	chr20.45095781.45096191
45095829	3	0.00443112850189209	chr20.45095781.45096191
45095830	0	0.003004610538482666	chr20.45095781.45096191
45095830	1	0.01098334789276123	chr20.45095781.45096191
45095830	2	0.03146183490753174	chr20.45095781.45096191
45095830	3	0.0	chr20.45095781.45096191
45095831	0	0.013124465942382812	chr20.45095781.45096191
45095831	1	-0.007092654705047607	chr20.45095781.45096191
45095831	2	0.015579521656036377	chr20.45095781.45096191
45095831	3	0.0	chr20.45095781.45096191
45095832	0	0.002213597297668457	chr20.45095781.45096191
45095832	1	0.032826244831085205	chr20.45095781.45096191
45095832	2	0.01085817813873291	chr20.45095781.45096191
45095832	3	0.0	chr20.45095781.45096191
45095833	0	0.0014150142669677734	chr20.45095781.45096191
45095833	1	-0.0007918477058410645	chr20.45095781.45096191
45095833	2	0.0	chr20.45095781.45096191
45095833	3	-0.0010316967964172363	chr20.45095781.45096191
45095834	0	-0.014052510261535645	chr20.45095781.45096191
45095834	1	0.0027433037757873535	chr20.45095781.45096191
45095834	2	-0.0008391141891479492	chr20.45095781.45096191
45095834	3	0.0	chr20.45095781.45096191
45095835	0	0.004651486873626709	chr20.45095781.45096191
45095835	1	0.0	chr20.45095781.45096191
45095835	2	0.018942177295684814	chr20.45095781.45096191
45095835	3	0.006240487098693848	chr20.45095781.45096191
45095836	0	0.014365613460540771	chr20.45095781.45096191
45095836	1	0.0	chr20.45095781.45096191
45095836	2	0.021453440189361572	chr20.45095781.45096191
45095836	3	0.004672050476074219	chr20.45095781.45096191
45095837	0	-0.0020911693572998047	chr20.45095781.45096191
45095837	1	0.0	chr20.45095781.45096191
45095837	2	0.02126002311706543	chr20.45095781.45096191
45095837	3	-0.004826903343200684	chr20.45095781.45096191
45095838	0	-0.015564501285552979	chr20.45095781.45096191
45095838	1	0.01348114013671875	chr20.45095781.45096191
45095838	2	0.007847964763641357	chr20.45095781.45096191
45095838	3	0.0	chr20.45095781.45096191
45095839	0	-0.009391486644744873	chr20.45095781.45096191
45095839	1	-0.0015667080879211426	chr20.45095781.45096191
45095839	2	0.0	chr20.45095781.45096191
45095839	3	-0.0035964250564575195	chr20.45095781.45096191
45095840	0	0.0	chr20.45095781.45096191
45095840	1	0.019560277462005615	chr20.45095781.45096191
45095840	2	-0.007539033889770508	chr20.45095781.45096191
45095840	3	0.001410067081451416	chr20.45095781.45096191
45095841	0	0.004776716232299805	chr20.45095781.45096191
45095841	1	0.03464394807815552	chr20.45095781.45096191
45095841	2	0.0	chr20.45095781.45096191
45095841	3	0.014678776264190674	chr20.45095781.45096191
45095842	0	0.004949212074279785	chr20.45095781.45096191
45095842	1	-0.003437519073486328	chr20.45095781.45096191
45095842	2	0.0	chr20.45095781.45096191
45095842	3	-0.000935673713684082	chr20.45095781.45096191
45095843	0	0.007442653179168701	chr20.45095781.45096191
45095843	1	0.0	chr20.45095781.45096191
45095843	2	0.007232248783111572	chr20.45095781.45096191
45095843	3	-0.013579249382019043	chr20.45095781.45096191
45095844	0	0.013801217079162598	chr20.45095781.45096191
45095844	1	0.0	chr20.45095781.45096191
45095844	2	0.019919276237487793	chr20.45095781.45096191
45095844	3	0.009195148944854736	chr20.45095781.45096191
45095845	0	0.0	chr20.45095781.45096191
45095845	1	0.00890648365020752	chr20.45095781.45096191
45095845	2	0.008148670196533203	chr20.45095781.45096191
45095845	3	0.03854238986968994	chr20.45095781.45096191
45095846	0	0.0	chr20.45095781.45096191
45095846	1	0.02334839105606079	chr20.45095781.45096191
45095846	2	-0.002038300037384033	chr20.45095781.45096191
45095846	3	0.010422587394714355	chr20.45095781.45096191
45095847	0	-0.00865548849105835	chr20.45095781.45096191
45095847	1	-0.01161104440689087	chr20.45095781.45096191
45095847	2	0.0	chr20.45095781.45096191
45095847	3	-0.003985404968261719	chr20.45095781.45096191
45095848	0	0.007035613059997559	chr20.45095781.45096191
45095848	1	0.0	chr20.45095781.45096191
45095848	2	-0.009532749652862549	chr20.45095781.45096191
45095848	3	-0.0011435151100158691	chr20.45095781.45096191
45095849	0	0.007461726665496826	chr20.45095781.45096191
45095849	1	0.0004965066909790039	chr20.45095781.45096191
45095849	2	0.021590113639831543	chr20.45095781.45096191
45095849	3	0.0	chr20.45095781.45096191
45095850	0	-0.006851494312286377	chr20.45095781.45096191
45095850	1	0.0	chr20.45095781.45096191
45095850	2	0.02030724287033081	chr20.45095781.45096191
45095850	3	0.009148657321929932	chr20.45095781.45096191
45095851	0	-0.0009557604789733887	chr20.45095781.45096191
45095851	1	0.009826600551605225	chr20.45095781.45096191
45095851	2	0.019097328186035156	chr20.45095781.45096191
45095851	3	0.0	chr20.45095781.45096191
45095852	0	0.0	chr20.45095781.45096191
45095852	1	0.02553766965866089	chr20.45095781.45096191
45095852	2	-0.0021498799324035645	chr20.45095781.45096191
45095852	3	-0.0016553401947021484	chr20.45095781.45096191
45095853	0	0.02562958002090454	chr20.45095781.45096191
45095853	1	0.04858618974685669	chr20.45095781.45096191
45095853	2	0.0	chr20.45095781.45096191
45095853	3	0.007830560207366943	chr20.45095781.45096191
45095854	0	0.010966956615447998	chr20.45095781.45096191
45095854	1	0.029089391231536865	chr20.45095781.45096191
45095854	2	0.0	chr20.45095781.45096191
45095854	3	0.011690616607666016	chr20.45095781.45096191
45095855	0	0.0006372928619384766	chr20.45095781.45096191
45095855	1	0.0003522038459777832	chr20.45095781.45096191
45095855	2	0.0	chr20.45095781.45096191
45095855	3	0.002911090850830078	chr20.45095781.45096191
45095856	0	-0.005189359188079834	chr20.45095781.45096191
45095856	1	0.0	chr20.45095781.45096191
45095856	2	-0.0012416839599609375	chr20.45095781.45096191
45095856	3	-0.011217772960662842	chr20.45095781.45096191
45095857	0	0.0	chr20.45095781.45096191
45095857	1	0.02250039577484131	chr20.45095781.45096191
45095857	2	-0.009870171546936035	chr20.45095781.45096191
45095857	3	0.007470548152923584	chr20.45095781.45096191
45095858	0	-0.018412768840789795	chr20.45095781.45096191
45095858	1	-0.008965134620666504	chr20.45095781.45096191
45095858	2	0.0	chr20.45095781.45096191
45095858	3	-0.011639237403869629	chr20.45095781.45096191
45095859	0	-0.008042693138122559	chr20.45095781.45096191
45095859	1	0.008558273315429688	chr20.45095781.45096191
45095859	2	-0.016572296619415283	chr20.45095781.45096191
45095859	3	0.0	chr20.45095781.45096191
45095860	0	-0.008382737636566162	chr20.45095781.45096191
45095860	1	-0.011881709098815918	chr20.45095781.45096191
45095860	2	0.0	chr20.45095781.45096191
45095860	3	-0.01245802640914917	chr20.45095781.45096191
45095861	0	0.0	chr20.45095781.45096191
45095861	1	-0.009148061275482178	chr20.45095781.45096191
45095861	2	-0.013689279556274414	chr20.45095781.45096191
45095861	3	-0.0011541247367858887	chr20.45095781.45096191
45095862	0	-0.0008762478828430176	chr20.45095781.45096191
45095862	1	-0.01854538917541504	chr20.45095781.45096191
45095862	2	-0.0020357370376586914	chr20.45095781.45096191
45095862	3	0.0	chr20.45095781.45096191
45095863	0	-0.015574634075164795	chr20.45095781.45096191
45095863	1	-0.0020354390144348145	chr20.45095781.45096191
45095863	2	0.006395101547241211	chr20.45095781.45096191
45095863	3	0.0	chr20.45095781.45096191
45095864	0	-0.012882649898529053	chr20.45095781.45096191
45095864	1	0.0	chr20.45095781.45096191
45095864	2	0.01120823621749878	chr20.45095781.45096191
45095864	3	-0.00606691837310791	chr20.45095781.45096191
45095865	0	0.00773090124130249	chr20.45095781.45096191
45095865	1	-0.011385858058929443	chr20.45095781.45096191
45095865	2	0.022745192050933838	chr20.45095781.45096191
45095865	3	0.0	chr20.45095781.45096191
45095866	0	-0.012178301811218262	chr20.45095781.45096191
45095866	1	0.0	chr20.45095781.45096191
45095866	2	0.0006240606307983398	chr20.45095781.45096191
45095866	3	0.0016186833381652832	chr20.45095781.45096191
45095867	0	0.0	chr20.45095781.45096191
45095867	1	-0.016182303428649902	chr20.45095781.45096191
45095867	2	0.007231414318084717	chr20.45095781.45096191
45095867	3	0.00010526180267333984	chr20.45095781.45096191
45095868	0	0.0	chr20.45095781.45096191
45095868	1	0.01194465160369873	chr20.45095781.45096191
45095868	2	0.007804751396179199	chr20.45095781.45096191
45095868	3	-0.0024251341819763184	chr20.45095781.45096191
45095869	0	0.0	chr20.45095781.45096191
45095869	1	-0.007692456245422363	chr20.45095781.45096191
45095869	2	0.008896946907043457	chr20.45095781.45096191
45095869	3	0.0030788183212280273	chr20.45095781.45096191
45095870	0	-0.02416747808456421	chr20.45095781.45096191
45095870	1	0.0	chr20.45095781.45096191
45095870	2	-0.007582128047943115	chr20.45095781.45096191
45095870	3	-0.01978093385696411	chr20.45095781.45096191
45095871	0	0.0	chr20.45095781.45096191
45095871	1	-0.0049201250076293945	chr20.45095781.45096191
45095871	2	-0.01141136884689331	chr20.45095781.45096191
45095871	3	-0.014560520648956299	chr20.45095781.45096191
45095872	0	0.01205676794052124	chr20.45095781.45096191
45095872	1	0.04471355676651001	chr20.45095781.45096191
45095872	2	0.0	chr20.45095781.45096191
45095872	3	-0.002975642681121826	chr20.45095781.45096191
45095873	0	0.03323853015899658	chr20.45095781.45096191
45095873	1	0.07654458284378052	chr20.45095781.45096191
45095873	2	0.0	chr20.45095781.45096191
45095873	3	0.0652233362197876	chr20.45095781.45096191
45095874	0	0.026936829090118408	chr20.45095781.45096191
45095874	1	0.02874934673309326	chr20.45095781.45096191
45095874	2	0.0	chr20.45095781.45096191
45095874	3	0.02740764617919922	chr20.45095781.45096191
45095875	0	0.005710721015930176	chr20.45095781.45096191
45095875	1	-0.00205075740814209	chr20.45095781.45096191
45095875	2	-0.03652024269104004	chr20.45095781.45096191
45095875	3	0.0	chr20.45095781.45096191
45095876	0	0.007117033004760742	chr20.45095781.45096191
45095876	1	0.0050773024559021	chr20.45095781.45096191
45095876	2	0.0	chr20.45095781.45096191
45095876	3	0.02311086654663086	chr20.45095781.45096191
45095877	0	0.014426648616790771	chr20.45095781.45096191
45095877	1	-0.003206193447113037	chr20.45095781.45096191
45095877	2	0.0	chr20.45095781.45096191
45095877	3	-0.002236664295196533	chr20.45095781.45096191
45095878	0	-0.0056819915771484375	chr20.45095781.45096191
45095878	1	-0.006390869617462158	chr20.45095781.45096191
45095878	2	-0.024951517581939697	chr20.45095781.45096191
45095878	3	0.0	chr20.45095781.45096191
45095879	0	-0.0087088942527771	chr20.45095781.45096191
45095879	1	-0.016633033752441406	chr20.45095781.45096191
45095879	2	-0.013306736946105957	chr20.45095781.45096191
45095879	3	0.0	chr20.45095781.45096191
45095880	0	0.014312505722045898	chr20.45095781.45096191
45095880	1	0.011570334434509277	chr20.45095781.45096191
45095880	2	-0.010798215866088867	chr20.45095781.45096191
45095880	3	0.0	chr20.45095781.45096191
45095881	0	0.0024997591972351074	chr20.45095781.45096191
45095881	1	0.02437049150466919	chr20.45095781.45096191
45095881	2	0.003395557403564453	chr20.45095781.45096191
45095881	3	0.0	chr20.45095781.45096191
45095882	0	0.03645211458206177	chr20.45095781.45096191
45095882	1	0.03539156913757324	chr20.45095781.45096191
45095882	2	0.0	chr20.45095781.45096191
45095882	3	0.03230851888656616	chr20.45095781.45096191
45095883	0	0.008980870246887207	chr20.45095781.45096191
45095883	1	0.0	chr20.45095781.45096191
45095883	2	0.03475046157836914	chr20.45095781.45096191
45095883	3	0.05027294158935547	chr20.45095781.45096191
45095884	0	0.1098664402961731	chr20.45095781.45096191
45095884	1	0.0	chr20.45095781.45096191
45095884	2	0.1162291169166565	chr20.45095781.45096191
45095884	3	0.1262960433959961	chr20.45095781.45096191
45095885	0	0.105457603931427	chr20.45095781.45096191
45095885	1	0.0	chr20.45095781.45096191
45095885	2	0.0189439058303833	chr20.45095781.45096191
45095885	3	0.06960713863372803	chr20.45095781.45096191
45095886	0	0.0	chr20.45095781.45096191
45095886	1	-0.044108450412750244	chr20.45095781.45096191
45095886	2	0.03344219923019409	chr20.45095781.45096191
45095886	3	0.04116058349609375	chr20.45095781.45096191
45095887	0	0.06819742918014526	chr20.45095781.45096191
45095887	1	0.0	chr20.45095781.45096191
45095887	2	0.05936223268508911	chr20.45095781.45096191
45095887	3	0.05817145109176636	chr20.45095781.45096191
45095888	0	0.06837421655654907	chr20.45095781.45096191
45095888	1	0.0	chr20.45095781.45096191
45095888	2	0.0324321985244751	chr20.45095781.45096191
45095888	3	0.03007972240447998	chr20.45095781.45096191
45095889	0	0.0	chr20.45095781.45096191
45095889	1	-0.02885258197784424	chr20.45095781.45096191
45095889	2	-0.0004993677139282227	chr20.45095781.45096191
45095889	3	0.03866690397262573	chr20.45095781.45096191
45095890	0	0.02760028839111328	chr20.45095781.45096191
45095890	1	0.0	chr20.45095781.45096191
45095890	2	0.011004745960235596	chr20.45095781.45096191
45095890	3	0.04200690984725952	chr20.45095781.45096191
45095891	0	0.04696768522262573	chr20.45095781.45096191
45095891	1	0.0	chr20.45095781.45096191
45095891	2	0.033688902854919434	chr20.45095781.45096191
45095891	3	0.04670596122741699	chr20.45095781.45096191
45095892	0	-0.02279841899871826	chr20.45095781.45096191
45095892	1	-0.058201372623443604	chr20.45095781.45096191
45095892	2	-0.000710904598236084	chr20.45095781.45096191
45095892	3	0.0	chr20.45095781.45096191
45095893	0	0.010402143001556396	chr20.45095781.45096191
45095893	1	0.0	chr20.45095781.45096191
45095893	2	0.004848182201385498	chr20.45095781.45096191
45095893	3	0.017648041248321533	chr20.45095781.45096191
45095894	0	0.0009949207305908203	chr20.45095781.45096191
45095894	1	0.0	chr20.45095781.45096191
45095894	2	0.0039601922035217285	chr20.45095781.45096191
45095894	3	0.020929992198944092	chr20.45095781.45096191
45095895	0	0.013627409934997559	chr20.45095781.45096191
45095895	1	0.0	chr20.45095781.45096191
45095895	2	0.0030111074447631836	chr20.45095781.45096191
45095895	3	0.01670527458190918	chr20.45095781.45096191
45095896	0	0.009186089038848877	chr20.45095781.45096191
45095896	1	0.0	chr20.45095781.45096191
45095896	2	-0.015027105808258057	chr20.45095781.45096191
45095896	3	0.024553656578063965	chr20.45095781.45096191
45095897	0	-0.02424222230911255	chr20.45095781.45096191
45095897	1	-0.01015704870223999	chr20.45095781.45096191
45095897	2	0.0	chr20.45095781.45096191
45095897	3	0.03352022171020508	chr20.45095781.45096191
45095898	0	-0.019413769245147705	chr20.45095781.45096191
45095898	1	0.0	chr20.45095781.45096191
45095898	2	-0.013003230094909668	chr20.45095781.45096191
45095898	3	0.0066414475440979	chr20.45095781.45096191
45095899	0	0.002591073513031006	chr20.45095781.45096191
45095899	1	0.0	chr20.45095781.45096191
45095899	2	-0.009616613388061523	chr20.45095781.45096191
45095899	3	-0.0003789663314819336	chr20.45095781.45096191
45095900	0	-0.042967528104782104	chr20.45095781.45096191
45095900	1	-0.05730429291725159	chr20.45095781.45096191
45095900	2	-0.044601500034332275	chr20.45095781.45096191
45095900	3	0.0	chr20.45095781.45096191
45095901	0	0.013456165790557861	chr20.45095781.45096191
45095901	1	0.0	chr20.45095781.45096191
45095901	2	-0.0418219268321991	chr20.45095781.45096191
45095901	3	-0.007156431674957275	chr20.45095781.45096191
45095902	0	0.0017862915992736816	chr20.45095781.45096191
45095902	1	0.0	chr20.45095781.45096191
45095902	2	-0.041059523820877075	chr20.45095781.45096191
45095902	3	-0.0074999332427978516	chr20.45095781.45096191
45095903	0	0.0	chr20.45095781.45096191
45095903	1	-0.05396810173988342	chr20.45095781.45096191
45095903	2	-0.008664906024932861	chr20.45095781.45096191
45095903	3	0.0324552059173584	chr20.45095781.45096191
45095904	0	0.054475247859954834	chr20.45095781.45096191
45095904	1	0.0	chr20.45095781.45096191
45095904	2	0.03841608762741089	chr20.45095781.45096191
45095904	3	0.06987446546554565	chr20.45095781.45096191
45095905	0	0.07214820384979248	chr20.45095781.45096191
45095905	1	0.0	chr20.45095781.45096191
45095905	2	0.0749550461769104	chr20.45095781.45096191
45095905	3	0.0758066177368164	chr20.45095781.45096191
45095906	0	0.06573283672332764	chr20.45095781.45096191
45095906	1	0.0	chr20.45095781.45096191
45095906	2	0.047537386417388916	chr20.45095781.45096191
45095906	3	0.04241955280303955	chr20.45095781.45096191
45095907	0	0.001957535743713379	chr20.45095781.45096191
45095907	1	0.0	chr20.45095781.45096191
45095907	2	0.011475443840026855	chr20.45095781.45096191
45095907	3	0.02718120813369751	chr20.45095781.45096191
45095908	0	-0.027528762817382812	chr20.45095781.45096191
45095908	1	-0.07109448313713074	chr20.45095781.45096191
45095908	2	0.0	chr20.45095781.45096191
45095908	3	-0.023142635822296143	chr20.45095781.45096191
45095909	0	-0.03529563546180725	chr20.45095781.45096191
45095909	1	0.0	chr20.45095781.45096191
45095909	2	-0.04878032207489014	chr20.45095781.45096191
45095909	3	0.018852651119232178	chr20.45095781.45096191
45095910	0	0.0	chr20.45095781.45096191
45095910	1	-0.022158026695251465	chr20.45095781.45096191
45095910	2	-0.009059250354766846	chr20.45095781.45096191
45095910	3	-0.00988680124282837	chr20.45095781.45096191
45095911	0	0.0	chr20.45095781.45096191
45095911	1	-0.014071643352508545	chr20.45095781.45096191
45095911	2	-0.03374800086021423	chr20.45095781.45096191
45095911	3	-0.027797847986221313	chr20.45095781.45096191
45095912	0	0.004173755645751953	chr20.45095781.45096191
45095912	1	0.020163774490356445	chr20.45095781.45096191
45095912	2	0.0	chr20.45095781.45096191
45095912	3	-0.011229276657104492	chr20.45095781.45096191
45095913	0	0.04842501878738403	chr20.45095781.45096191
45095913	1	0.05091822147369385	chr20.45095781.45096191
45095913	2	0.0	chr20.45095781.45096191
45095913	3	0.035295069217681885	chr20.45095781.45096191
45095914	0	0.034894347190856934	chr20.45095781.45096191
45095914	1	0.03521418571472168	chr20.45095781.45096191
45095914	2	0.0	chr20.45095781.45096191
45095914	3	0.006179690361022949	chr20.45095781.45096191
45095915	0	0.0	chr20.45095781.45096191
45095915	1	0.0008516311645507812	chr20.45095781.45096191
45095915	2	-0.04348340630531311	chr20.45095781.45096191
45095915	3	-0.0560070276260376	chr20.45095781.45096191
45095916	0	-0.04178628325462341	chr20.45095781.45096191
45095916	1	0.0	chr20.45095781.45096191
45095916	2	0.011384010314941406	chr20.45095781.45096191
45095916	3	0.015966296195983887	chr20.45095781.45096191
45095917	0	0.0	chr20.45095781.45096191
45095917	1	-0.03459915518760681	chr20.45095781.45096191
45095917	2	0.020977258682250977	chr20.45095781.45096191
45095917	3	-0.06591993570327759	chr20.45095781.45096191
45095918	0	0.0151100754737854	chr20.45095781.45096191
45095918	1	0.01579153537750244	chr20.45095781.45096191
45095918	2	0.030073344707489014	chr20.45095781.45096191
45095918	3	0.0	chr20.45095781.45096191
45095919	0	0.07534277439117432	chr20.45095781.45096191
45095919	1	0.03130662441253662	chr20.45095781.45096191
45095919	2	0.06629329919815063	chr20.45095781.45096191
45095919	3	0.0	chr20.45095781.45096191
45095920	0	0.0432245135307312	chr20.45095781.45096191
45095920	1	0.032328665256500244	chr20.45095781.45096191
45095920	2	-0.030522048473358154	chr20.45095781.45096191
45095920	3	0.0	chr20.45095781.45096191
45095921	0	0.03861325979232788	chr20.45095781.45096191
45095921	1	0.019182443618774414	chr20.45095781.45096191
45095921	2	0.0	chr20.45095781.45096191
45095921	3	-0.02216416597366333	chr20.45095781.45096191
45095922	0	0.07787400484085083	chr20.45095781.45096191
45095922	1	0.08309698104858398	chr20.45095781.45096191
45095922	2	0.0	chr20.45095781.45096191
45095922	3	0.07248085737228394	chr20.45095781.45096191
45095923	0	0.03930777311325073	chr20.45095781.45096191
45095923	1	0.07806646823883057	chr20.45095781.45096191
45095923	2	0.0	chr20.45095781.45096191
45095923	3	0.09428608417510986	chr20.45095781.45096191
45095924	0	0.0	chr20.45095781.45096191
45095924	1	-0.03990921378135681	chr20.45095781.45096191
45095924	2	-0.0862433910369873	chr20.45095781.45096191
45095924	3	-0.007001698017120361	chr20.45095781.45096191
45095925	0	0.0	chr20.45095781.45096191
45095925	1	-0.06485170125961304	chr20.45095781.45096191
45095925	2	-0.016614913940429688	chr20.45095781.45096191
45095925	3	0.005320608615875244	chr20.45095781.45096191
45095926	0	-0.026706784963607788	chr20.45095781.45096191
45095926	1	0.0	chr20.45095781.45096191
45095926	2	-0.035510897636413574	chr20.45095781.45096191
45095926	3	-0.01516580581665039	chr20.45095781.45096191
45095927	0	-0.049288034439086914	chr20.45095781.45096191
45095927	1	-0.07884347438812256	chr20.45095781.45096191
45095927	2	0.0	chr20.45095781.45096191
45095927	3	-0.04760146141052246	chr20.45095781.45096191
45095928	0	0.022111594676971436	chr20.45095781.45096191
45095928	1	-0.04045838117599487	chr20.45095781.45096191
45095928	2	0.02869647741317749	chr20.45095781.45096191
45095928	3	0.0	chr20.45095781.45096191
45095929	0	0.017572522163391113	chr20.45095781.45096191
45095929	1	0.0	chr20.45095781.45096191
45095929	2	0.008978486061096191	chr20.45095781.45096191
45095929	3	0.004534661769866943	chr20.45095781.45096191
45095930	0	-0.00333559513092041	chr20.45095781.45096191
45095930	1	-0.05485564470291138	chr20.45095781.45096191
45095930	2	0.024578988552093506	chr20.45095781.45096191
45095930	3	0.0	chr20.45095781.45096191
45095931	0	0.0	chr20.45095781.45096191
45095931	1	0.015892386436462402	chr20.45095781.45096191
45095931	2	-0.012789428234100342	chr20.45095781.45096191
45095931	3	0.05450540781021118	chr20.45095781.45096191
45095932	0	0.022446751594543457	chr20.45095781.45096191
45095932	1	0.029684126377105713	chr20.45095781.45096191
45095932	2	0.0	chr20.45095781.45096191
45095932	3	-0.005126833915710449	chr20.45095781.45096191
45095933	0	0.0	chr20.45095781.45096191
45095933	1	0.03271651268005371	chr20.45095781.45096191
45095933	2	-0.06453034281730652	chr20.45095781.45096191
45095933	3	-0.008063256740570068	chr20.45095781.45096191
45095934	0	-0.011584162712097168	chr20.45095781.45096191
45095934	1	0.012581288814544678	chr20.45095781.45096191
45095934	2	0.0	chr20.45095781.45096191
45095934	3	0.02751338481903076	chr20.45095781.45096191
45095935	0	0.0	chr20.45095781.45096191
45095935	1	-0.037618815898895264	chr20.45095781.45096191
45095935	2	0.010709643363952637	chr20.45095781.45096191
45095935	3	0.015225768089294434	chr20.45095781.45096191
45095936	0	-0.061446934938430786	chr20.45095781.45096191
45095936	1	0.0	chr20.45095781.45096191
45095936	2	0.00508350133895874	chr20.45095781.45096191
45095936	3	-0.008886992931365967	chr20.45095781.45096191
45095937	0	0.0	chr20.45095781.45096191
45095937	1	-0.024808645248413086	chr20.45095781.45096191
45095937	2	0.05774122476577759	chr20.45095781.45096191
45095937	3	-0.03615507483482361	chr20.45095781.45096191
45095938	0	-0.0039743781089782715	chr20.45095781.45096191
45095938	1	0.011561155319213867	chr20.45095781.45096191
45095938	2	0.05019789934158325	chr20.45095781.45096191
45095938	3	0.0	chr20.45095781.45096191
45095939	0	0.016285479068756104	chr20.45095781.45096191
45095939	1	0.060444176197052	chr20.45095781.45096191
45095939	2	0.09503847360610962	chr20.45095781.45096191
45095939	3	0.0	chr20.45095781.45096191
45095940	0	0.03696846961975098	chr20.45095781.45096191
45095940	1	0.0772867202758789	chr20.45095781.45096191
45095940	2	0.07457786798477173	chr20.45095781.45096191
45095940	3	0.0	chr20.45095781.45096191
45095941	0	0.04348832368850708	chr20.45095781.45096191
45095941	1	0.03886538743972778	chr20.45095781.45096191
45095941	2	0.06101644039154053	chr20.45095781.45096191
45095941	3	0.0	chr20.45095781.45096191
45095942	0	0.008445978164672852	chr20.45095781.45096191
45095942	1	0.052690744400024414	chr20.45095781.45096191
45095942	2	-0.03553801774978638	chr20.45095781.45096191
45095942	3	0.0	chr20.45095781.45096191
45095943	0	0.0060967206954956055	chr20.45095781.45096191
45095943	1	0.057549893856048584	chr20.45095781.45096191
45095943	2	0.0	chr20.45095781.45096191
45095943	3	0.0038341879844665527	chr20.45095781.45096191
45095944	0	0.018254220485687256	chr20.45095781.45096191
45095944	1	0.04591870307922363	chr20.45095781.45096191
45095944	2	0.0	chr20.45095781.45096191
45095944	3	0.015984296798706055	chr20.45095781.45096191
45095945	0	-0.0030152201652526855	chr20.45095781.45096191
45095945	1	-0.00938791036605835	chr20.45095781.45096191
45095945	2	-0.08587890863418579	chr20.45095781.45096191
45095945	3	0.0	chr20.45095781.45096191
45095946	0	-0.028403103351593018	chr20.45095781.45096191
45095946	1	-0.010231316089630127	chr20.45095781.45096191
45095946	2	-0.04739302396774292	chr20.45095781.45096191
45095946	3	0.0	chr20.45095781.45096191
45095947	0	-0.013804614543914795	chr20.45095781.45096191
45095947	1	-0.005446314811706543	chr20.45095781.45096191
45095947	2	0.0	chr20.45095781.45096191
45095947	3	-0.05503937602043152	chr20.45095781.45096191
45095948	0	-0.028564125299453735	chr20.45095781.45096191
45095948	1	0.0006172060966491699	chr20.45095781.45096191
45095948	2	-0.04484081268310547	chr20.45095781.45096191
45095948	3	0.0	chr20.45095781.45096191
45095949	0	-0.03880321979522705	chr20.45095781.45096191
45095949	1	-0.04198986291885376	chr20.45095781.45096191
45095949	2	-0.06610670685768127	chr20.45095781.45096191
45095949	3	0.0	chr20.45095781.45096191
45095950	0	-0.047414034605026245	chr20.45095781.45096191
45095950	1	-0.06950226426124573	chr20.45095781.45096191
45095950	2	0.0	chr20.45095781.45096191
45095950	3	-0.041722774505615234	chr20.45095781.45096191
45095951	0	-0.02765008807182312	chr20.45095781.45096191
45095951	1	0.0	chr20.45095781.45096191
45095951	2	-0.01725900173187256	chr20.45095781.45096191
45095951	3	-0.006390511989593506	chr20.45095781.45096191
45095952	0	0.0	chr20.45095781.45096191
45095952	1	-0.09378498792648315	chr20.45095781.45096191
45095952	2	-0.03452131152153015	chr20.45095781.45096191
45095952	3	-0.03614285588264465	chr20.45095781.45096191
45095953	0	0.0	chr20.45095781.45096191
45095953	1	-0.17947810888290405	chr20.45095781.45096191
45095953	2	-0.04067772626876831	chr20.45095781.45096191
45095953	3	-0.004574418067932129	chr20.45095781.45096191
45095954	0	0.02581000328063965	chr20.45095781.45096191
45095954	1	0.0	chr20.45095781.45096191
45095954	2	-0.0022903084754943848	chr20.45095781.45096191
45095954	3	0.018211781978607178	chr20.45095781.45096191
45095955	0	0.014643073081970215	chr20.45095781.45096191
45095955	1	-0.031118839979171753	chr20.45095781.45096191
45095955	2	-0.040828436613082886	chr20.45095781.45096191
45095955	3	0.0	chr20.45095781.45096191
45095956	0	0.015291988849639893	chr20.45095781.45096191
45095956	1	0.002378225326538086	chr20.45095781.45096191
45095956	2	0.0	chr20.45095781.45096191
45095956	3	0.04445075988769531	chr20.45095781.45096191
45095957	0	0.09121298789978027	chr20.45095781.45096191
45095957	1	0.053517699241638184	chr20.45095781.45096191
45095957	2	0.0	chr20.45095781.45096191
45095957	3	0.1174156665802002	chr20.45095781.45096191
45095958	0	0.1275351643562317	chr20.45095781.45096191
45095958	1	-0.003668487071990967	chr20.45095781.45096191
45095958	2	0.0	chr20.45095781.45096191
45095958	3	0.06253379583358765	chr20.45095781.45096191
45095959	0	0.0	chr20.45095781.45096191
45095959	1	-0.026437968015670776	chr20.45095781.45096191
45095959	2	-0.07561331987380981	chr20.45095781.45096191
45095959	3	-0.010831713676452637	chr20.45095781.45096191
45095960	0	0.1736122965812683	chr20.45095781.45096191
45095960	1	0.0	chr20.45095781.45096191
45095960	2	0.15890789031982422	chr20.45095781.45096191
45095960	3	0.13771164417266846	chr20.45095781.45096191
45095961	0	0.0	chr20.45095781.45096191
45095961	1	0.25129950046539307	chr20.45095781.45096191
45095961	2	-0.02105581760406494	chr20.45095781.45096191
45095961	3	0.28610098361968994	chr20.45095781.45096191
45095962	0	0.10389512777328491	chr20.45095781.45096191
45095962	1	0.04593116044998169	chr20.45095781.45096191
45095962	2	0.0	chr20.45095781.45096191
45095962	3	0.059975385665893555	chr20.45095781.45096191
45095963	0	0.016269207000732422	chr20.45095781.45096191
45095963	1	-0.11315518617630005	chr20.45095781.45096191
45095963	2	0.0	chr20.45095781.45096191
45095963	3	-0.049156248569488525	chr20.45095781.45096191
45095964	0	0.016102850437164307	chr20.45095781.45096191
45095964	1	0.05769091844558716	chr20.45095781.45096191
45095964	2	-0.11347165703773499	chr20.45095781.45096191
45095964	3	0.0	chr20.45095781.45096191
45095965	0	0.009141385555267334	chr20.45095781.45096191
45095965	1	-0.0004912018775939941	chr20.45095781.45096191
45095965	2	0.0	chr20.45095781.45096191
45095965	3	-0.06290775537490845	chr20.45095781.45096191
45095966	0	-0.10823160409927368	chr20.45095781.45096191
45095966	1	0.11046987771987915	chr20.45095781.45096191
45095966	2	-0.152421772480011	chr20.45095781.45096191
45095966	3	0.0	chr20.45095781.45096191
45095967	0	0.06232839822769165	chr20.45095781.45096191
45095967	1	-0.08443203568458557	chr20.45095781.45096191
45095967	2	0.0	chr20.45095781.45096191
45095967	3	0.11016839742660522	chr20.45095781.45096191
45095968	0	0.05448579788208008	chr20.45095781.45096191
45095968	1	0.0	chr20.45095781.45096191
45095968	2	-0.12562566995620728	chr20.45095781.45096191
45095968	3	-0.10239151120185852	chr20.45095781.45096191
45095969	0	-0.3217286467552185	chr20.45095781.45096191
45095969	1	-0.2036493718624115	chr20.45095781.45096191
45095969	2	-0.04620489478111267	chr20.45095781.45096191
45095969	3	0.0	chr20.45095781.45096191
45095970	0	0.0	chr20.45095781.45096191
45095970	1	-0.28682368993759155	chr20.45095781.45096191
45095970	2	0.06031215190887451	chr20.45095781.45096191
45095970	3	-0.21814358234405518	chr20.45095781.45096191
45095971	0	-0.3387162685394287	chr20.45095781.45096191
45095971	1	0.0	chr20.45095781.45096191
45095971	2	-0.1007888913154602	chr20.45095781.45096191
45095971	3	-0.241227924823761	chr20.45095781.45096191
45095972	0	-0.38210272789001465	chr20.45095781.45096191
45095972	1	-0.09209325909614563	chr20.45095781.45096191
45095972	2	-0.3906083405017853	chr20.45095781.45096191
45095972	3	0.0	chr20.45095781.45096191
45095973	0	-0.3779482841491699	chr20.45095781.45096191
45095973	1	-0.3911304473876953	chr20.45095781.45096191
45095973	2	0.0	chr20.45095781.45096191
45095973	3	-0.3874715566635132	chr20.45095781.45096191
45095974	0	-0.3074498176574707	chr20.45095781.45096191
45095974	1	0.0	chr20.45095781.45096191
45095974	2	-0.38875502347946167	chr20.45095781.45096191
45095974	3	-0.3894972503185272	chr20.45095781.45096191
45095975	0	-0.3902035653591156	chr20.45095781.45096191
45095975	1	0.0	chr20.45095781.45096191
45095975	2	-0.3920360207557678	chr20.45095781.45096191
45095975	3	-0.38290393352508545	chr20.45095781.45096191
45095976	0	0.03237646818161011	chr20.45095781.45096191
45095976	1	0.0	chr20.45095781.45096191
45095976	2	-0.38065266609191895	chr20.45095781.45096191
45095976	3	-0.39083439111709595	chr20.45095781.45096191
45095977	0	-0.3863852024078369	chr20.45095781.45096191
45095977	1	-0.09131237864494324	chr20.45095781.45096191
45095977	2	-0.3922107219696045	chr20.45095781.45096191
45095977	3	0.0	chr20.45095781.45096191
45095978	0	-0.3908960223197937	chr20.45095781.45096191
45095978	1	0.0	chr20.45095781.45096191
45095978	2	-0.3910982012748718	chr20.45095781.45096191
45095978	3	-0.3912116289138794	chr20.45095781.45096191
45095979	0	-0.38405078649520874	chr20.45095781.45096191
45095979	1	-0.3392709791660309	chr20.45095781.45096191
45095979	2	-0.39190298318862915	chr20.45095781.45096191
45095979	3	0.0	chr20.45095781.45096191
45095980	0	0.0	chr20.45095781.45096191
45095980	1	-0.31248903274536133	chr20.45095781.45096191
45095980	2	-0.13757944107055664	chr20.45095781.45096191
45095980	3	-0.16432279348373413	chr20.45095781.45096191
45095981	0	-0.369320273399353	chr20.45095781.45096191
45095981	1	-0.23420563340187073	chr20.45095781.45096191
45095981	2	0.0	chr20.45095781.45096191
45095981	3	-0.37249499559402466	chr20.45095781.45096191
45095982	0	-0.33003848791122437	chr20.45095781.45096191
45095982	1	-0.12848356366157532	chr20.45095781.45096191
45095982	2	-0.3799550533294678	chr20.45095781.45096191
45095982	3	0.0	chr20.45095781.45096191
45095983	0	-0.3912256360054016	chr20.45095781.45096191
45095983	1	-0.39047113060951233	chr20.45095781.45096191
45095983	2	0.0	chr20.45095781.45096191
45095983	3	-0.3893226087093353	chr20.45095781.45096191
45095984	0	-0.25724783539772034	chr20.45095781.45096191
45095984	1	-0.31944912672042847	chr20.45095781.45096191
45095984	2	0.0	chr20.45095781.45096191
45095984	3	-0.2118847668170929	chr20.45095781.45096191
45095985	0	0.0949820876121521	chr20.45095781.45096191
45095985	1	0.14872270822525024	chr20.45095781.45096191
45095985	2	0.0	chr20.45095781.45096191
45095985	3	0.16447210311889648	chr20.45095781.45096191
45095986	0	0.0017140507698059082	chr20.45095781.45096191
45095986	1	0.13894814252853394	chr20.45095781.45096191
45095986	2	0.04098910093307495	chr20.45095781.45096191
45095986	3	0.0	chr20.45095781.45096191
45095987	0	0.0	chr20.45095781.45096191
45095987	1	-0.19080021977424622	chr20.45095781.45096191
45095987	2	-0.046413958072662354	chr20.45095781.45096191
45095987	3	-0.11740770936012268	chr20.45095781.45096191
45095988	0	0.0	chr20.45095781.45096191
45095988	1	-0.08111152052879333	chr20.45095781.45096191
45095988	2	-0.11762845516204834	chr20.45095781.45096191
45095988	3	-0.06721735000610352	chr20.45095781.45096191
45095989	0	0.0	chr20.45095781.45096191
45095989	1	-0.005141556262969971	chr20.45095781.45096191
45095989	2	-0.07633310556411743	chr20.45095781.45096191
45095989	3	-0.017278313636779785	chr20.45095781.45096191
45095990	0	0.04850131273269653	chr20.45095781.45096191
45095990	1	0.01031714677810669	chr20.45095781.45096191
45095990	2	0.0	chr20.45095781.45096191
45095990	3	0.004886269569396973	chr20.45095781.45096191
45095991	0	0.03619086742401123	chr20.45095781.45096191
45095991	1	-0.013060390949249268	chr20.45095781.45096191
45095991	2	0.0	chr20.45095781.45096191
45095991	3	-0.004414975643157959	chr20.45095781.45096191
45095992	0	0.012933850288391113	chr20.45095781.45096191
45095992	1	0.0	chr20.45095781.45096191
45095992	2	-0.04709324240684509	chr20.45095781.45096191
45095992	3	-0.09684154391288757	chr20.45095781.45096191
45095993	0	0.050581276416778564	chr20.45095781.45096191
45095993	1	0.0	chr20.45095781.45096191
45095993	2	0.0752251148223877	chr20.45095781.45096191
45095993	3	0.036543846130371094	chr20.45095781.45096191
45095994	0	0.0	chr20.45095781.45096191
45095994	1	-0.05011528730392456	chr20.45095781.45096191
45095994	2	-0.02120310068130493	chr20.45095781.45096191
45095994	3	-0.04697713255882263	chr20.45095781.45096191
45095995	0	-0.00964200496673584	chr20.45095781.45096191
45095995	1	0.025285303592681885	chr20.45095781.45096191
45095995	2	0.0	chr20.45095781.45096191
45095995	3	0.027262985706329346	chr20.45095781.45096191
45095996	0	0.06028217077255249	chr20.45095781.45096191
45095996	1	0.09842085838317871	chr20.45095781.45096191
45095996	2	0.0	chr20.45095781.45096191
45095996	3	0.05301368236541748	chr20.45095781.45096191
45095997	0	0.08974874019622803	chr20.45095781.45096191
45095997	1	0.042089760303497314	chr20.45095781.45096191
45095997	2	0.0	chr20.45095781.45096191
45095997	3	-0.05453687906265259	chr20.45095781.45096191
45095998	0	0.0	chr20.45095781.45096191
45095998	1	0.056448280811309814	chr20.45095781.45096191
45095998	2	-0.055837661027908325	chr20.45095781.45096191
45095998	3	0.09054011106491089	chr20.45095781.45096191
45095999	0	0.0007122159004211426	chr20.45095781.45096191
45095999	1	-0.018139779567718506	chr20.45095781.45096191
45095999	2	-0.04015207290649414	chr20.45095781.45096191
45095999	3	0.0	chr20.45095781.45096191
45096000	0	0.0	chr20.45095781.45096191
45096000	1	-0.0020186305046081543	chr20.45095781.45096191
45096000	2	0.0549662709236145	chr20.45095781.45096191
45096000	3	0.000906527042388916	chr20.45095781.45096191
45096001	0	-0.021777808666229248	chr20.45095781.45096191
45096001	1	0.0	chr20.45095781.45096191
45096001	2	-0.038213372230529785	chr20.45095781.45096191
45096001	3	-0.03413155674934387	chr20.45095781.45096191
45096002	0	0.08907079696655273	chr20.45095781.45096191
45096002	1	0.028279423713684082	chr20.45095781.45096191
45096002	2	0.017845213413238525	chr20.45095781.45096191
45096002	3	0.0	chr20.45095781.45096191
45096003	0	0.023980319499969482	chr20.45095781.45096191
45096003	1	0.009371161460876465	chr20.45095781.45096191
45096003	2	0.0	chr20.45095781.45096191
45096003	3	0.020841538906097412	chr20.45095781.45096191
45096004	0	-0.05382460355758667	chr20.45095781.45096191
45096004	1	0.0	chr20.45095781.45096191
45096004	2	-0.054532408714294434	chr20.45095781.45096191
45096004	3	0.009026944637298584	chr20.45095781.45096191
45096005	0	-0.014161288738250732	chr20.45095781.45096191
45096005	1	-0.027708232402801514	chr20.45095781.45096191
45096005	2	-0.006865501403808594	chr20.45095781.45096191
45096005	3	0.0	chr20.45095781.45096191
45096006	0	0.0	chr20.45095781.45096191
45096006	1	-0.004669010639190674	chr20.45095781.45096191
45096006	2	0.0008553862571716309	chr20.45095781.45096191
45096006	3	0.03266406059265137	chr20.45095781.45096191
45096007	0	0.0	chr20.45095781.45096191
45096007	1	0.04622483253479004	chr20.45095781.45096191
45096007	2	0.024408936500549316	chr20.45095781.45096191
45096007	3	0.021120071411132812	chr20.45095781.45096191
45096008	0	0.0	chr20.45095781.45096191
45096008	1	-0.009328901767730713	chr20.45095781.45096191
45096008	2	0.017228662967681885	chr20.45095781.45096191
45096008	3	-0.031283825635910034	chr20.45095781.45096191
45096009	0	4.696846008300781e-05	chr20.45095781.45096191
45096009	1	0.0	chr20.45095781.45096191
45096009	2	0.023779869079589844	chr20.45095781.45096191
45096009	3	-5.6684017181396484e-05	chr20.45095781.45096191
45096010	0	0.0	chr20.45095781.45096191
45096010	1	-0.017765522003173828	chr20.45095781.45096191
45096010	2	0.005860030651092529	chr20.45095781.45096191
45096010	3	-0.018952488899230957	chr20.45095781.45096191
45096011	0	0.01349860429763794	chr20.45095781.45096191
45096011	1	-0.0409524142742157	chr20.45095781.45096191
45096011	2	0.015068411827087402	chr20.45095781.45096191
45096011	3	0.0	chr20.45095781.45096191
45096012	0	0.04994475841522217	chr20.45095781.45096191
45096012	1	0.0	chr20.45095781.45096191
45096012	2	0.03417152166366577	chr20.45095781.45096191
45096012	3	0.0268247127532959	chr20.45095781.45096191
45096013	0	0.014009237289428711	chr20.45095781.45096191
45096013	1	0.0	chr20.45095781.45096191
45096013	2	0.02126169204711914	chr20.45095781.45096191
45096013	3	0.05366247892379761	chr20.45095781.45096191
45096014	0	-0.04168197512626648	chr20.45095781.45096191
45096014	1	-0.028858333826065063	chr20.45095781.45096191
45096014	2	0.004532933235168457	chr20.45095781.45096191
45096014	3	0.0	chr20.45095781.45096191
45096015	0	0.0	chr20.45095781.45096191
45096015	1	0.02354562282562256	chr20.45095781.45096191
45096015	2	0.028064310550689697	chr20.45095781.45096191
45096015	3	0.03928858041763306	chr20.45095781.45096191
45096016	0	0.0	chr20.45095781.45096191
45096016	1	0.03720885515213013	chr20.45095781.45096191
45096016	2	-0.008472084999084473	chr20.45095781.45096191
45096016	3	0.03853529691696167	chr20.45095781.45096191
45096017	0	0.0	chr20.45095781.45096191
45096017	1	0.03952622413635254	chr20.45095781.45096191
45096017	2	0.027297496795654297	chr20.45095781.45096191
45096017	3	0.025622308254241943	chr20.45095781.45096191
45096018	0	0.0	chr20.45095781.45096191
45096018	1	0.021538913249969482	chr20.45095781.45096191
45096018	2	0.001648247241973877	chr20.45095781.45096191
45096018	3	0.02396535873413086	chr20.45095781.45096191
45096019	0	-0.016236603260040283	chr20.45095781.45096191
45096019	1	0.01348656415939331	chr20.45095781.45096191
45096019	2	-0.043955981731414795	chr20.45095781.45096191
45096019	3	0.0	chr20.45095781.45096191
45096020	0	0.01591712236404419	chr20.45095781.45096191
45096020	1	9.489059448242188e-05	chr20.45095781.45096191
45096020	2	0.0	chr20.45095781.45096191
45096020	3	-0.02060002088546753	chr20.45095781.45096191
45096021	0	0.013937652111053467	chr20.45095781.45096191
45096021	1	0.005555629730224609	chr20.45095781.45096191
45096021	2	-0.009114325046539307	chr20.45095781.45096191
45096021	3	0.0	chr20.45095781.45096191
45096022	0	0.0	chr20.45095781.45096191
45096022	1	-0.02496403455734253	chr20.45095781.45096191
45096022	2	-0.005843162536621094	chr20.45095781.45096191
45096022	3	-0.03279420733451843	chr20.45095781.45096191
45096023	0	-0.007887184619903564	chr20.45095781.45096191
45096023	1	0.0	chr20.45095781.45096191
45096023	2	-0.03472781181335449	chr20.45095781.45096191
45096023	3	-0.01472562551498413	chr20.45095781.45096191
45096024	0	0.0	chr20.45095781.45096191
45096024	1	-0.00015968084335327148	chr20.45095781.45096191
45096024	2	-0.010218322277069092	chr20.45095781.45096191
45096024	3	0.0066144466400146484	chr20.45095781.45096191
45096025	0	0.05979347229003906	chr20.45095781.45096191
45096025	1	0.05824214220046997	chr20.45095781.45096191
45096025	2	0.0	chr20.45095781.45096191
45096025	3	0.03462409973144531	chr20.45095781.45096191
45096026	0	0.05198383331298828	chr20.45095781.45096191
45096026	1	0.082366943359375	chr20.45095781.45096191
45096026	2	0.0	chr20.45095781.45096191
45096026	3	0.07326185703277588	chr20.45095781.45096191
45096027	0	0.02523857355117798	chr20.45095781.45096191
45096027	1	0.023154616355895996	chr20.45095781.45096191
45096027	2	0.0	chr20.45095781.45096191
45096027	3	-0.030470609664916992	chr20.45095781.45096191
45096028	0	0.01641249656677246	chr20.45095781.45096191
45096028	1	0.0	chr20.45095781.45096191
45096028	2	-0.03117188811302185	chr20.45095781.45096191
45096028	3	-0.004043698310852051	chr20.45095781.45096191
45096029	0	0.0	chr20.45095781.45096191
45096029	1	-0.015611708164215088	chr20.45095781.45096191
45096029	2	-0.027859508991241455	chr20.45095781.45096191
45096029	3	0.015510797500610352	chr20.45095781.45096191
45096030	0	-0.022739529609680176	chr20.45095781.45096191
45096030	1	-0.03853654861450195	chr20.45095781.45096191
45096030	2	0.0	chr20.45095781.45096191
45096030	3	-0.01179128885269165	chr20.45095781.45096191
45096031	0	0.01682358980178833	chr20.45095781.45096191
45096031	1	0.0	chr20.45095781.45096191
45096031	2	-0.039173424243927	chr20.45095781.45096191
45096031	3	0.02340221405029297	chr20.45095781.45096191
45096032	0	-0.03402945399284363	chr20.45095781.45096191
45096032	1	-0.08270919322967529	chr20.45095781.45096191
45096032	2	-0.01817929744720459	chr20.45095781.45096191
45096032	3	0.0	chr20.45095781.45096191
45096033	0	0.016534268856048584	chr20.45095781.45096191
45096033	1	0.0	chr20.45095781.45096191
45096033	2	0.020427703857421875	chr20.45095781.45096191
45096033	3	0.02959996461868286	chr20.45095781.45096191
45096034	0	0.06206226348876953	chr20.45095781.45096191
45096034	1	0.0	chr20.45095781.45096191
45096034	2	0.06284409761428833	chr20.45095781.45096191
45096034	3	0.05336809158325195	chr20.45095781.45096191
45096035	0	0.0400165319442749	chr20.45095781.45096191
45096035	1	0.0	chr20.45095781.45096191
45096035	2	0.07855051755905151	chr20.45095781.45096191
45096035	3	0.039610981941223145	chr20.45095781.45096191
45096036	0	0.0	chr20.45095781.45096191
45096036	1	-0.028679966926574707	chr20.45095781.45096191
45096036	2	0.057795822620391846	chr20.45095781.45096191
45096036	3	0.02464926242828369	chr20.45095781.45096191
45096037	0	0.01781231164932251	chr20.45095781.45096191
45096037	1	0.0	chr20.45095781.45096191
45096037	2	0.026114344596862793	chr20.45095781.45096191
45096037	3	0.017646849155426025	chr20.45095781.45096191
45096038	0	0.0	chr20.45095781.45096191
45096038	1	-0.025138378143310547	chr20.45095781.45096191
45096038	2	0.05190277099609375	chr20.45095781.45096191
45096038	3	0.015310347080230713	chr20.45095781.45096191
45096039	0	0.02898639440536499	chr20.45095781.45096191
45096039	1	0.026824355125427246	chr20.45095781.45096191
45096039	2	0.05471581220626831	chr20.45095781.45096191
45096039	3	0.0	chr20.45095781.45096191
45096040	0	0.018143653869628906	chr20.45095781.45096191
45096040	1	0.0	chr20.45095781.45096191
45096040	2	0.0433804988861084	chr20.45095781.45096191
45096040	3	0.03198772668838501	chr20.45095781.45096191
45096041	0	0.0	chr20.45095781.45096191
45096041	1	0.014105439186096191	chr20.45095781.45096191
45096041	2	0.053241610527038574	chr20.45095781.45096191
45096041	3	0.022882461547851562	chr20.45095781.45096191
45096042	0	0.0	chr20.45095781.45096191
45096042	1	0.03682583570480347	chr20.45095781.45096191
45096042	2	0.029699981212615967	chr20.45095781.45096191
45096042	3	0.03747999668121338	chr20.45095781.45096191
45096043	0	0.0	chr20.45095781.45096191
45096043	1	0.04962402582168579	chr20.45095781.45096191
45096043	2	0.026655852794647217	chr20.45095781.45096191
45096043	3	0.03592950105667114	chr20.45095781.45096191
45096044	0	-0.029959529638290405	chr20.45095781.45096191
45096044	1	0.01584184169769287	chr20.45095781.45096191
45096044	2	0.0	chr20.45095781.45096191
45096044	3	0.006685435771942139	chr20.45095781.45096191
45096045	0	0.0	chr20.45095781.45096191
45096045	1	0.018262505531311035	chr20.45095781.45096191
45096045	2	0.009833276271820068	chr20.45095781.45096191
45096045	3	-0.001076340675354004	chr20.45095781.45096191
45096046	0	0.0	chr20.45095781.45096191
45096046	1	-0.028150200843811035	chr20.45095781.45096191
45096046	2	-0.02145475149154663	chr20.45095781.45096191
45096046	3	-0.009261250495910645	chr20.45095781.45096191
45096047	0	-0.009306728839874268	chr20.45095781.45096191
45096047	1	-0.0038361549377441406	chr20.45095781.45096191
45096047	2	0.009742259979248047	chr20.45095781.45096191
45096047	3	0.0	chr20.45095781.45096191
45096048	0	0.029810607433319092	chr20.45095781.45096191
45096048	1	0.0010772347450256348	chr20.45095781.45096191
45096048	2	0.0015003681182861328	chr20.45095781.45096191
45096048	3	0.0	chr20.45095781.45096191
45096049	0	0.0	chr20.45095781.45096191
45096049	1	0.03535294532775879	chr20.45095781.45096191
45096049	2	0.047289490699768066	chr20.45095781.45096191
45096049	3	0.02273935079574585	chr20.45095781.45096191
45096050	0	0.025156795978546143	chr20.45095781.45096191
45096050	1	0.0	chr20.45095781.45096191
45096050	2	0.032979607582092285	chr20.45095781.45096191
45096050	3	0.02075779438018799	chr20.45095781.45096191
45096051	0	0.031049907207489014	chr20.45095781.45096191
45096051	1	0.0	chr20.45095781.45096191
45096051	2	0.0734979510307312	chr20.45095781.45096191
45096051	3	0.018353939056396484	chr20.45095781.45096191
45096052	0	0.027383744716644287	chr20.45095781.45096191
45096052	1	0.0487176775932312	chr20.45095781.45096191
45096052	2	0.03664696216583252	chr20.45095781.45096191
45096052	3	0.0	chr20.45095781.45096191
45096053	0	0.031579673290252686	chr20.45095781.45096191
45096053	1	0.06469690799713135	chr20.45095781.45096191
45096053	2	0.0	chr20.45095781.45096191
45096053	3	0.03003525733947754	chr20.45095781.45096191
45096054	0	0.018613874912261963	chr20.45095781.45096191
45096054	1	0.027190089225769043	chr20.45095781.45096191
45096054	2	0.0	chr20.45095781.45096191
45096054	3	0.023880183696746826	chr20.45095781.45096191
45096055	0	0.003449082374572754	chr20.45095781.45096191
45096055	1	0.000385284423828125	chr20.45095781.45096191
45096055	2	-0.010200858116149902	chr20.45095781.45096191
45096055	3	0.0	chr20.45095781.45096191
45096056	0	0.005871236324310303	chr20.45095781.45096191
45096056	1	0.0	chr20.45095781.45096191
45096056	2	0.04233086109161377	chr20.45095781.45096191
45096056	3	0.01361924409866333	chr20.45095781.45096191
45096057	0	-0.0018668770790100098	chr20.45095781.45096191
45096057	1	0.0	chr20.45095781.45096191
45096057	2	0.017847418785095215	chr20.45095781.45096191
45096057	3	0.009256541728973389	chr20.45095781.45096191
45096058	0	0.013909399509429932	chr20.45095781.45096191
45096058	1	0.0	chr20.45095781.45096191
45096058	2	0.009842753410339355	chr20.45095781.45096191
45096058	3	0.013122260570526123	chr20.45095781.45096191
45096059	0	0.0	chr20.45095781.45096191
45096059	1	-0.011352896690368652	chr20.45095781.45096191
45096059	2	0.015741407871246338	chr20.45095781.45096191
45096059	3	0.0077460408210754395	chr20.45095781.45096191
45096060	0	0.0	chr20.45095781.45096191
45096060	1	0.002247452735900879	chr20.45095781.45096191
45096060	2	-0.0026816725730895996	chr20.45095781.45096191
45096060	3	-0.014227032661437988	chr20.45095781.45096191
45096061	0	0.0	chr20.45095781.45096191
45096061	1	-0.011317610740661621	chr20.45095781.45096191
45096061	2	-0.0034709572792053223	chr20.45095781.45096191
45096061	3	0.0004922747611999512	chr20.45095781.45096191
45096062	0	-0.01186835765838623	chr20.45095781.45096191
45096062	1	0.007058978080749512	chr20.45095781.45096191
45096062	2	-0.03411248326301575	chr20.45095781.45096191
45096062	3	0.0	chr20.45095781.45096191
45096063	0	0.005951523780822754	chr20.45095781.45096191
45096063	1	0.027411282062530518	chr20.45095781.45096191
45096063	2	0.0	chr20.45095781.45096191
45096063	3	0.014405131340026855	chr20.45095781.45096191
45096064	0	0.008180201053619385	chr20.45095781.45096191
45096064	1	0.005997061729431152	chr20.45095781.45096191
45096064	2	-0.0033909082412719727	chr20.45095781.45096191
45096064	3	0.0	chr20.45095781.45096191
45096065	0	0.012590885162353516	chr20.45095781.45096191
45096065	1	0.0	chr20.45095781.45096191
45096065	2	0.005939900875091553	chr20.45095781.45096191
45096065	3	0.009004473686218262	chr20.45095781.45096191
45096066	0	0.0	chr20.45095781.45096191
45096066	1	0.0015346407890319824	chr20.45095781.45096191
45096066	2	0.006822824478149414	chr20.45095781.45096191
45096066	3	0.015563249588012695	chr20.45095781.45096191
45096067	0	-0.021642982959747314	chr20.45095781.45096191
45096067	1	-0.0058629512786865234	chr20.45095781.45096191
45096067	2	0.0	chr20.45095781.45096191
45096067	3	0.001594245433807373	chr20.45095781.45096191
45096068	0	-9.40561294555664e-05	chr20.45095781.45096191
45096068	1	-0.0029183030128479004	chr20.45095781.45096191
45096068	2	-0.03355267643928528	chr20.45095781.45096191
45096068	3	0.0	chr20.45095781.45096191
45096069	0	0.0	chr20.45095781.45096191
45096069	1	-0.00211256742477417	chr20.45095781.45096191
45096069	2	-0.010372161865234375	chr20.45095781.45096191
45096069	3	-0.011300504207611084	chr20.45095781.45096191
45096070	0	0.0	chr20.45095781.45096191
45096070	1	-0.0018889904022216797	chr20.45095781.45096191
45096070	2	-0.014124453067779541	chr20.45095781.45096191
45096070	3	0.010535478591918945	chr20.45095781.45096191
45096071	0	0.00038164854049682617	chr20.45095781.45096191
45096071	1	0.002499401569366455	chr20.45095781.45096191
45096071	2	-0.017548799514770508	chr20.45095781.45096191
45096071	3	0.0	chr20.45095781.45096191
45096072	0	0.005570769309997559	chr20.45095781.45096191
45096072	1	0.006659746170043945	chr20.45095781.45096191
45096072	2	0.0	chr20.45095781.45096191
45096072	3	0.009267568588256836	chr20.45095781.45096191
45096073	0	-0.007037460803985596	chr20.45095781.45096191
45096073	1	0.0	chr20.45095781.45096191
45096073	2	-0.009979963302612305	chr20.45095781.45096191
45096073	3	-0.007508516311645508	chr20.45095781.45096191
45096074	0	0.006832897663116455	chr20.45095781.45096191
45096074	1	-0.016284942626953125	chr20.45095781.45096191
45096074	2	0.0	chr20.45095781.45096191
45096074	3	-0.009498655796051025	chr20.45095781.45096191
45096075	0	0.0	chr20.45095781.45096191
45096075	1	-0.002607285976409912	chr20.45095781.45096191
45096075	2	-0.0014961957931518555	chr20.45095781.45096191
45096075	3	-0.000955045223236084	chr20.45095781.45096191
45096076	0	0.007399499416351318	chr20.45095781.45096191
45096076	1	0.0018819570541381836	chr20.45095781.45096191
45096076	2	0.0	chr20.45095781.45096191
45096076	3	0.004863917827606201	chr20.45095781.45096191
45096077	0	-0.006864428520202637	chr20.45095781.45096191
45096077	1	-0.008079826831817627	chr20.45095781.45096191
45096077	2	0.0	chr20.45095781.45096191
45096077	3	-0.005140185356140137	chr20.45095781.45096191
45096078	0	-0.005154311656951904	chr20.45095781.45096191
45096078	1	0.0	chr20.45095781.45096191
45096078	2	-0.005721747875213623	chr20.45095781.45096191
45096078	3	-0.007844686508178711	chr20.45095781.45096191
45096079	0	-0.004681646823883057	chr20.45095781.45096191
45096079	1	-0.002386927604675293	chr20.45095781.45096191
45096079	2	-0.0020728111267089844	chr20.45095781.45096191
45096079	3	0.0	chr20.45095781.45096191
45096080	0	-0.007886528968811035	chr20.45095781.45096191
45096080	1	-0.003941655158996582	chr20.45095781.45096191
45096080	2	0.0	chr20.45095781.45096191
45096080	3	0.0004011392593383789	chr20.45095781.45096191
45096081	0	0.0	chr20.45095781.45096191
45096081	1	0.0037384629249572754	chr20.45095781.45096191
45096081	2	-0.007386326789855957	chr20.45095781.45096191
45096081	3	0.002903163433074951	chr20.45095781.45096191
45096082	0	0.008378922939300537	chr20.45095781.45096191
45096082	1	-0.00010561943054199219	chr20.45095781.45096191
45096082	2	0.0	chr20.45095781.45096191
45096082	3	-0.0032035112380981445	chr20.45095781.45096191
45096083	0	0.0	chr20.45095781.45096191
45096083	1	0.003953754901885986	chr20.45095781.45096191
45096083	2	0.008482396602630615	chr20.45095781.45096191
45096083	3	0.00346982479095459	chr20.45095781.45096191
45096084	0	0.0	chr20.45095781.45096191
45096084	1	0.01792067289352417	chr20.45095781.45096191
45096084	2	-4.0471553802490234e-05	chr20.45095781.45096191
45096084	3	0.01074683666229248	chr20.45095781.45096191
45096085	0	0.0002071857452392578	chr20.45095781.45096191
45096085	1	0.0	chr20.45095781.45096191
45096085	2	0.0021206140518188477	chr20.45095781.45096191
45096085	3	0.006272256374359131	chr20.45095781.45096191
45096086	0	0.0055463314056396484	chr20.45095781.45096191
45096086	1	0.0	chr20.45095781.45096191
45096086	2	0.0079878568649292	chr20.45095781.45096191
45096086	3	0.0023550987243652344	chr20.45095781.45096191
45096087	0	0.0029581189155578613	chr20.45095781.45096191
45096087	1	0.0	chr20.45095781.45096191
45096087	2	0.012536406517028809	chr20.45095781.45096191
45096087	3	-0.004364430904388428	chr20.45095781.45096191
45096088	0	-0.012257158756256104	chr20.45095781.45096191
45096088	1	0.0	chr20.45095781.45096191
45096088	2	-0.0013160109519958496	chr20.45095781.45096191
45096088	3	-0.003703474998474121	chr20.45095781.45096191
45096089	0	-0.0022631287574768066	chr20.45095781.45096191
45096089	1	0.0014628767967224121	chr20.45095781.45096191
45096089	2	0.004797935485839844	chr20.45095781.45096191
45096089	3	0.0	chr20.45095781.45096191
45096090	0	0.0	chr20.45095781.45096191
45096090	1	0.019021153450012207	chr20.45095781.45096191
45096090	2	-0.005102634429931641	chr20.45095781.45096191
45096090	3	0.004509687423706055	chr20.45095781.45096191
45096091	0	0.0010119080543518066	chr20.45095781.45096191
45096091	1	0.0038437843322753906	chr20.45095781.45096191
45096091	2	0.0	chr20.45095781.45096191
45096091	3	0.005935966968536377	chr20.45095781.45096191
45096092	0	-0.00034540891647338867	chr20.45095781.45096191
45096092	1	0.009010851383209229	chr20.45095781.45096191
45096092	2	0.0019167661666870117	chr20.45095781.45096191
45096092	3	0.0	chr20.45095781.45096191
45096093	0	-0.005155503749847412	chr20.45095781.45096191
45096093	1	0.0	chr20.45095781.45096191
45096093	2	0.0023630857467651367	chr20.45095781.45096191
45096093	3	0.0007417201995849609	chr20.45095781.45096191
45096094	0	-0.0061514973640441895	chr20.45095781.45096191
45096094	1	-0.006322145462036133	chr20.45095781.45096191
45096094	2	-0.00029140710830688477	chr20.45095781.45096191
45096094	3	0.0	chr20.45095781.45096191
45096095	0	0.0	chr20.45095781.45096191
45096095	1	0.0026745200157165527	chr20.45095781.45096191
45096095	2	0.003308236598968506	chr20.45095781.45096191
45096095	3	0.00887840986251831	chr20.45095781.45096191
45096096	0	0.0	chr20.45095781.45096191
45096096	1	0.0012323260307312012	chr20.45095781.45096191
45096096	2	-0.01119619607925415	chr20.45095781.45096191
45096096	3	-0.004167139530181885	chr20.45095781.45096191
45096097	0	0.0	chr20.45095781.45096191
45096097	1	0.017635345458984375	chr20.45095781.45096191
45096097	2	0.002167224884033203	chr20.45095781.45096191
45096097	3	0.004806339740753174	chr20.45095781.45096191
45096098	0	-0.0024492740631103516	chr20.45095781.45096191
45096098	1	0.0008336901664733887	chr20.45095781.45096191
45096098	2	0.0	chr20.45095781.45096191
45096098	3	0.005810141563415527	chr20.45095781.45096191
45096099	0	-0.008765995502471924	chr20.45095781.45096191
45096099	1	0.0	chr20.45095781.45096191
45096099	2	-9.715557098388672e-05	chr20.45095781.45096191
45096099	3	-0.009247303009033203	chr20.45095781.45096191
45096100	0	0.0	chr20.45095781.45096191
45096100	1	0.014162957668304443	chr20.45095781.45096191
45096100	2	0.01123034954071045	chr20.45095781.45096191
45096100	3	0.005006849765777588	chr20.45095781.45096191
45096101	0	-0.007188677787780762	chr20.45095781.45096191
45096101	1	0.004593253135681152	chr20.45095781.45096191
45096101	2	0.0	chr20.45095781.45096191
45096101	3	0.0011749863624572754	chr20.45095781.45096191
45096102	0	0.0	chr20.45095781.45096191
45096102	1	0.025334656238555908	chr20.45095781.45096191
45096102	2	0.017381489276885986	chr20.45095781.45096191
45096102	3	0.010834097862243652	chr20.45095781.45096191
45096103	0	0.005475103855133057	chr20.45095781.45096191
45096103	1	0.000728905200958252	chr20.45095781.45096191
45096103	2	0.0	chr20.45095781.45096191
45096103	3	0.00917881727218628	chr20.45095781.45096191
45096104	0	-0.0018709301948547363	chr20.45095781.45096191
45096104	1	0.0075640082359313965	chr20.45095781.45096191
45096104	2	-0.00033670663833618164	chr20.45095781.45096191
45096104	3	0.0	chr20.45095781.45096191
45096105	0	0.0024424195289611816	chr20.45095781.45096191
45096105	1	0.0	chr20.45095781.45096191
45096105	2	0.0012379884719848633	chr20.45095781.45096191
45096105	3	-0.003061234951019287	chr20.45095781.45096191
45096106	0	0.0041612982749938965	chr20.45095781.45096191
45096106	1	0.0046347975730896	chr20.45095781.45096191
45096106	2	0.008442401885986328	chr20.45095781.45096191
45096106	3	0.0	chr20.45095781.45096191
45096107	0	-0.009105205535888672	chr20.45095781.45096191
45096107	1	0.0	chr20.45095781.45096191
45096107	2	0.003739476203918457	chr20.45095781.45096191
45096107	3	0.0011295080184936523	chr20.45095781.45096191
45096108	0	0.01810377836227417	chr20.45095781.45096191
45096108	1	0.015174269676208496	chr20.45095781.45096191
45096108	2	0.006170690059661865	chr20.45095781.45096191
45096108	3	0.0	chr20.45095781.45096191
45096109	0	-0.00033533573150634766	chr20.45095781.45096191
45096109	1	0.0	chr20.45095781.45096191
45096109	2	0.015974700450897217	chr20.45095781.45096191
45096109	3	0.006156623363494873	chr20.45095781.45096191
45096110	0	-0.006418824195861816	chr20.45095781.45096191
45096110	1	0.0	chr20.45095781.45096191
45096110	2	0.013679027557373047	chr20.45095781.45096191
45096110	3	0.0006287693977355957	chr20.45095781.45096191
45096111	0	0.0	chr20.45095781.45096191
45096111	1	0.021292388439178467	chr20.45095781.45096191
45096111	2	0.02324146032333374	chr20.45095781.45096191
45096111	3	0.013259589672088623	chr20.45095781.45096191
45096112	0	0.0	chr20.45095781.45096191
45096112	1	0.017551004886627197	chr20.45095781.45096191
45096112	2	0.013021469116210938	chr20.45095781.45096191
45096112	3	0.013604283332824707	chr20.45095781.45096191
45096113	0	0.005189001560211182	chr20.45095781.45096191
45096113	1	0.0	chr20.45095781.45096191
45096113	2	0.002882063388824463	chr20.45095781.45096191
45096113	3	0.01104050874710083	chr20.45095781.45096191
45096114	0	0.00609356164932251	chr20.45095781.45096191
45096114	1	0.02099519968032837	chr20.45095781.45096191
45096114	2	0.025861084461212158	chr20.45095781.45096191
45096114	3	0.0	chr20.45095781.45096191
45096115	0	0.0016727447509765625	chr20.45095781.45096191
45096115	1	0.006798684597015381	chr20.45095781.45096191
45096115	2	0.016537129878997803	chr20.45095781.45096191
45096115	3	0.0	chr20.45095781.45096191
45096116	0	0.006180465221405029	chr20.45095781.45096191
45096116	1	-0.0002612471580505371	chr20.45095781.45096191
45096116	2	0.0017538070678710938	chr20.45095781.45096191
45096116	3	0.0	chr20.45095781.45096191
45096117	0	0.0	chr20.45095781.45096191
45096117	1	0.005173206329345703	chr20.45095781.45096191
45096117	2	0.0014227628707885742	chr20.45095781.45096191
45096117	3	-0.00543820858001709	chr20.45095781.45096191
45096118	0	0.0	chr20.45095781.45096191
45096118	1	-0.0033552050590515137	chr20.45095781.45096191
45096118	2	-0.0005216002464294434	chr20.45095781.45096191
45096118	3	-0.009828746318817139	chr20.45095781.45096191
45096119	0	-0.0012741684913635254	chr20.45095781.45096191
45096119	1	0.011520802974700928	chr20.45095781.45096191
45096119	2	0.0027405619621276855	chr20.45095781.45096191
45096119	3	0.0	chr20.45095781.45096191
45096120	0	-0.0014665722846984863	chr20.45095781.45096191
45096120	1	0.007773101329803467	chr20.45095781.45096191
45096120	2	0.0	chr20.45095781.45096191
45096120	3	0.002141296863555908	chr20.45095781.45096191
45096121	0	-0.019686520099639893	chr20.45095781.45096191
45096121	1	0.0	chr20.45095781.45096191
45096121	2	-0.021548032760620117	chr20.45095781.45096191
45096121	3	-0.010193586349487305	chr20.45095781.45096191
45096122	0	-0.005101144313812256	chr20.45095781.45096191
45096122	1	-0.0042983293533325195	chr20.45095781.45096191
45096122	2	0.0	chr20.45095781.45096191
45096122	3	-0.0049517154693603516	chr20.45095781.45096191
45096123	0	-0.002874314785003662	chr20.45095781.45096191
45096123	1	-0.0013946294784545898	chr20.45095781.45096191
45096123	2	-0.0020888447761535645	chr20.45095781.45096191
45096123	3	0.0	chr20.45095781.45096191
45096124	0	-0.0019725561141967773	chr20.45095781.45096191
45096124	1	-0.0049492716789245605	chr20.45095781.45096191
45096124	2	0.0	chr20.45095781.45096191
45096124	3	-0.0019418597221374512	chr20.45095781.45096191
45096125	0	-0.0007256865501403809	chr20.45095781.45096191
45096125	1	0.0	chr20.45095781.45096191
45096125	2	-0.003631591796875	chr20.45095781.45096191
45096125	3	-0.004271209239959717	chr20.45095781.45096191
45096126	0	0.0	chr20.45095781.45096191
45096126	1	0.018596231937408447	chr20.45095781.45096191
45096126	2	0.006040811538696289	chr20.45095781.45096191
45096126	3	0.0006837248802185059	chr20.45095781.45096191
45096127	0	-0.0015607476234436035	chr20.45095781.45096191
45096127	1	0.010776042938232422	chr20.45095781.45096191
45096127	2	0.0	chr20.45095781.45096191
45096127	3	0.013326585292816162	chr20.45095781.45096191
45096128	0	0.004053950309753418	chr20.45095781.45096191
45096128	1	0.004857063293457031	chr20.45095781.45096191
45096128	2	0.0	chr20.45095781.45096191
45096128	3	0.0027782320976257324	chr20.45095781.45096191
45096129	0	0.0	chr20.45095781.45096191
45096129	1	0.0023998022079467773	chr20.45095781.45096191
45096129	2	0.002471446990966797	chr20.45095781.45096191
45096129	3	0.0012929439544677734	chr20.45095781.45096191
45096130	0	0.0	chr20.45095781.45096191
45096130	1	-0.001051783561706543	chr20.45095781.45096191
45096130	2	-0.005349934101104736	chr20.45095781.45096191
45096130	3	0.003937721252441406	chr20.45095781.45096191
45096131	0	0.006813764572143555	chr20.45095781.45096191
45096131	1	0.0035119056701660156	chr20.45095781.45096191
45096131	2	0.009256362915039062	chr20.45095781.45096191
45096131	3	0.0	chr20.45095781.45096191
45096132	0	-0.0007819533348083496	chr20.45095781.45096191
45096132	1	0.0	chr20.45095781.45096191
45096132	2	0.0006811022758483887	chr20.45095781.45096191
45096132	3	0.00387495756149292	chr20.45095781.45096191
45096133	0	0.0	chr20.45095781.45096191
45096133	1	0.0055925846099853516	chr20.45095781.45096191
45096133	2	0.017699599266052246	chr20.45095781.45096191
45096133	3	0.011420249938964844	chr20.45095781.45096191
45096134	0	0.0003409385681152344	chr20.45095781.45096191
45096134	1	0.005686044692993164	chr20.45095781.45096191
45096134	2	0.003686070442199707	chr20.45095781.45096191
45096134	3	0.0	chr20.45095781.45096191
45096135	0	-0.005364418029785156	chr20.45095781.45096191
45096135	1	-0.005350768566131592	chr20.45095781.45096191
45096135	2	0.0	chr20.45095781.45096191
45096135	3	-0.004794299602508545	chr20.45095781.45096191
45096136	0	-0.004935860633850098	chr20.45095781.45096191
45096136	1	0.0	chr20.45095781.45096191
45096136	2	-0.011371433734893799	chr20.45095781.45096191
45096136	3	-0.00613856315612793	chr20.45095781.45096191
45096137	0	0.0	chr20.45095781.45096191
45096137	1	-0.0030904412269592285	chr20.45095781.45096191
45096137	2	0.016427934169769287	chr20.45095781.45096191
45096137	3	-0.0007086992263793945	chr20.45095781.45096191
45096138	0	-0.003871619701385498	chr20.45095781.45096191
45096138	1	-6.61611557006836e-05	chr20.45095781.45096191
45096138	2	0.0	chr20.45095781.45096191
45096138	3	-0.008966982364654541	chr20.45095781.45096191
45096139	0	-0.008210301399230957	chr20.45095781.45096191
45096139	1	0.007531523704528809	chr20.45095781.45096191
45096139	2	0.0	chr20.45095781.45096191
45096139	3	-0.008768320083618164	chr20.45095781.45096191
45096140	0	-0.006180822849273682	chr20.45095781.45096191
45096140	1	0.005183994770050049	chr20.45095781.45096191
45096140	2	0.0	chr20.45095781.45096191
45096140	3	0.01681619882583618	chr20.45095781.45096191
45096141	0	-0.005433797836303711	chr20.45095781.45096191
45096141	1	-0.009850680828094482	chr20.45095781.45096191
45096141	2	0.0	chr20.45095781.45096191
45096141	3	-0.007091164588928223	chr20.45095781.45096191
45096142	0	-0.010271072387695312	chr20.45095781.45096191
45096142	1	-0.0051659345626831055	chr20.45095781.45096191
45096142	2	0.001579880714416504	chr20.45095781.45096191
45096142	3	0.0	chr20.45095781.45096191
45096143	0	-0.009570658206939697	chr20.45095781.45096191
45096143	1	0.0	chr20.45095781.45096191
45096143	2	-0.004897594451904297	chr20.45095781.45096191
45096143	3	-6.914138793945312e-05	chr20.45095781.45096191
45096144	0	-0.004723191261291504	chr20.45095781.45096191
45096144	1	0.001288294792175293	chr20.45095781.45096191
45096144	2	0.004947066307067871	chr20.45095781.45096191
45096144	3	0.0	chr20.45095781.45096191
45096145	0	-0.0009592175483703613	chr20.45095781.45096191
45096145	1	0.012983858585357666	chr20.45095781.45096191
45096145	2	0.0021987557411193848	chr20.45095781.45096191
45096145	3	0.0	chr20.45095781.45096191
45096146	0	0.009525716304779053	chr20.45095781.45096191
45096146	1	0.012769877910614014	chr20.45095781.45096191
45096146	2	0.0	chr20.45095781.45096191
45096146	3	0.008122801780700684	chr20.45095781.45096191
45096147	0	0.002138674259185791	chr20.45095781.45096191
45096147	1	-0.002259492874145508	chr20.45095781.45096191
45096147	2	0.0	chr20.45095781.45096191
45096147	3	0.009205937385559082	chr20.45095781.45096191
45096148	0	0.0006740093231201172	chr20.45095781.45096191
45096148	1	0.0	chr20.45095781.45096191
45096148	2	0.0013843774795532227	chr20.45095781.45096191
45096148	3	-0.002022862434387207	chr20.45095781.45096191
45096149	0	0.0	chr20.45095781.45096191
45096149	1	0.006330013275146484	chr20.45095781.45096191
45096149	2	0.006325483322143555	chr20.45095781.45096191
45096149	3	0.0052604079246521	chr20.45095781.45096191
45096150	0	0.00046139955520629883	chr20.45095781.45096191
45096150	1	0.0004858970642089844	chr20.45095781.45096191
45096150	2	0.0	chr20.45095781.45096191
45096150	3	0.0041027069091796875	chr20.45095781.45096191
45096151	0	0.0	chr20.45095781.45096191
45096151	1	0.0013893842697143555	chr20.45095781.45096191
45096151	2	0.0038560032844543457	chr20.45095781.45096191
45096151	3	0.004013121128082275	chr20.45095781.45096191
45096152	0	0.0	chr20.45095781.45096191
45096152	1	0.0021230578422546387	chr20.45095781.45096191
45096152	2	-0.0045160651206970215	chr20.45095781.45096191
45096152	3	-0.0005932450294494629	chr20.45095781.45096191
45096153	0	-0.0020502209663391113	chr20.45095781.45096191
45096153	1	0.0	chr20.45095781.45096191
45096153	2	-0.006322264671325684	chr20.45095781.45096191
45096153	3	-0.0026900172233581543	chr20.45095781.45096191
45096154	0	-0.008906960487365723	chr20.45095781.45096191
45096154	1	-0.012696802616119385	chr20.45095781.45096191
45096154	2	0.0	chr20.45095781.45096191
45096154	3	-0.012178659439086914	chr20.45095781.45096191
45096155	0	0.0011409521102905273	chr20.45095781.45096191
45096155	1	0.0	chr20.45095781.45096191
45096155	2	0.0006431937217712402	chr20.45095781.45096191
45096155	3	0.0032082796096801758	chr20.45095781.45096191
45096156	0	0.0	chr20.45095781.45096191
45096156	1	0.028142988681793213	chr20.45095781.45096191
45096156	2	0.003478825092315674	chr20.45095781.45096191
45096156	3	-0.004443109035491943	chr20.45095781.45096191
45096157	0	0.0	chr20.45095781.45096191
45096157	1	0.0016708970069885254	chr20.45095781.45096191
45096157	2	-0.0011224746704101562	chr20.45095781.45096191
45096157	3	0.002132892608642578	chr20.45095781.45096191
45096158	0	-0.0016535520553588867	chr20.45095781.45096191
45096158	1	-0.0012140274047851562	chr20.45095781.45096191
45096158	2	-0.004869282245635986	chr20.45095781.45096191
45096158	3	0.0	chr20.45095781.45096191
45096159	0	-0.003983736038208008	chr20.45095781.45096191
45096159	1	0.0	chr20.45095781.45096191
45096159	2	-0.010087311267852783	chr20.45095781.45096191
45096159	3	-0.0019015073776245117	chr20.45095781.45096191
45096160	0	-0.004661500453948975	chr20.45095781.45096191
45096160	1	-0.0068566203117370605	chr20.45095781.45096191
45096160	2	0.0	chr20.45095781.45096191
45096160	3	-0.0036711692810058594	chr20.45095781.45096191
45096161	0	0.0003687143325805664	chr20.45095781.45096191
45096161	1	0.0	chr20.45095781.45096191
45096161	2	0.0029299259185791016	chr20.45095781.45096191
45096161	3	0.003429114818572998	chr20.45095781.45096191
45096162	0	0.0	chr20.45095781.45096191
45096162	1	0.004228651523590088	chr20.45095781.45096191
45096162	2	0.004177212715148926	chr20.45095781.45096191
45096162	3	0.0052304863929748535	chr20.45095781.45096191
45096163	0	0.0025705695152282715	chr20.45095781.45096191
45096163	1	0.008224189281463623	chr20.45095781.45096191
45096163	2	0.006244063377380371	chr20.45095781.45096191
45096163	3	0.0	chr20.45095781.45096191
45096164	0	0.0	chr20.45095781.45096191
45096164	1	0.008191287517547607	chr20.45095781.45096191
45096164	2	0.001718759536743164	chr20.45095781.45096191
45096164	3	0.006227552890777588	chr20.45095781.45096191
45096165	0	0.005841374397277832	chr20.45095781.45096191
45096165	1	0.003489971160888672	chr20.45095781.45096191
45096165	2	0.0	chr20.45095781.45096191
45096165	3	0.01160728931427002	chr20.45095781.45096191
45096166	0	-0.0009492039680480957	chr20.45095781.45096191
45096166	1	0.0059555768966674805	chr20.45095781.45096191
45096166	2	0.0032534003257751465	chr20.45095781.45096191
45096166	3	0.0	chr20.45095781.45096191
45096167	0	0.005090177059173584	chr20.45095781.45096191
45096167	1	0.0	chr20.45095781.45096191
45096167	2	0.005065619945526123	chr20.45095781.45096191
45096167	3	0.007066488265991211	chr20.45095781.45096191
45096168	0	0.0012584924697875977	chr20.45095781.45096191
45096168	1	0.008017659187316895	chr20.45095781.45096191
45096168	2	0.008157908916473389	chr20.45095781.45096191
45096168	3	0.0	chr20.45095781.45096191
45096169	0	0.006185412406921387	chr20.45095781.45096191
45096169	1	0.009382128715515137	chr20.45095781.45096191
45096169	2	0.010226964950561523	chr20.45095781.45096191
45096169	3	0.0	chr20.45095781.45096191
45096170	0	0.0062827467918396	chr20.45095781.45096191
45096170	1	0.007295548915863037	chr20.45095781.45096191
45096170	2	0.0	chr20.45095781.45096191
45096170	3	0.0031399130821228027	chr20.45095781.45096191
45096171	0	0.00712054967880249	chr20.45095781.45096191
45096171	1	0.017229437828063965	chr20.45095781.45096191
45096171	2	0.0	chr20.45095781.45096191
45096171	3	0.009630322456359863	chr20.45095781.45096191
45096172	0	0.007144451141357422	chr20.45095781.45096191
45096172	1	0.008575797080993652	chr20.45095781.45096191
45096172	2	0.0	chr20.45095781.45096191
45096172	3	0.011011719703674316	chr20.45095781.45096191
45096173	0	0.0048635005950927734	chr20.45095781.45096191
45096173	1	0.005642235279083252	chr20.45095781.45096191
45096173	2	0.010730624198913574	chr20.45095781.45096191
45096173	3	0.0	chr20.45095781.45096191
45096174	0	0.0	chr20.45095781.45096191
45096174	1	0.008197426795959473	chr20.45095781.45096191
45096174	2	0.005030393600463867	chr20.45095781.45096191
45096174	3	0.006823480129241943	chr20.45095781.45096191
45096175	0	0.013545393943786621	chr20.45095781.45096191
45096175	1	0.0049710869789123535	chr20.45095781.45096191
45096175	2	0.0	chr20.45095781.45096191
45096175	3	0.007036328315734863	chr20.45095781.45096191
45096176	0	0.0	chr20.45095781.45096191
45096176	1	0.006427288055419922	chr20.45095781.45096191
45096176	2	0.0042694807052612305	chr20.45095781.45096191
45096176	3	0.005179941654205322	chr20.45095781.45096191
45096177	0	-0.0032807588577270508	chr20.45095781.45096191
45096177	1	-0.0048906803131103516	chr20.45095781.45096191
45096177	2	0.0	chr20.45095781.45096191
45096177	3	0.000662684440612793	chr20.45095781.45096191
45096178	0	0.00743710994720459	chr20.45095781.45096191
45096178	1	0.0	chr20.45095781.45096191
45096178	2	0.008904576301574707	chr20.45095781.45096191
45096178	3	0.008814394474029541	chr20.45095781.45096191
45096179	0	-0.0019141435623168945	chr20.45095781.45096191
45096179	1	0.0	chr20.45095781.45096191
45096179	2	0.0008371472358703613	chr20.45095781.45096191
45096179	3	-0.0004138350486755371	chr20.45095781.45096191
45096180	0	0.0	chr20.45095781.45096191
45096180	1	0.0008933544158935547	chr20.45095781.45096191
45096180	2	0.004896342754364014	chr20.45095781.45096191
45096180	3	0.0045792460441589355	chr20.45095781.45096191
45096181	0	-0.0019245743751525879	chr20.45095781.45096191
45096181	1	0.0026350021362304688	chr20.45095781.45096191
45096181	2	0.0	chr20.45095781.45096191
45096181	3	-0.006133139133453369	chr20.45095781.45096191
45096182	0	0.0	chr20.45095781.45096191
45096182	1	0.0014238357543945312	chr20.45095781.45096191
45096182	2	0.002033710479736328	chr20.45095781.45096191
45096182	3	0.0017569661140441895	chr20.45095781.45096191
45096183	0	0.008650779724121094	chr20.45095781.45096191
45096183	1	0.00370025634765625	chr20.45095781.45096191
45096183	2	0.0	chr20.45095781.45096191
45096183	3	0.0017398595809936523	chr20.45095781.45096191
45096184	0	0.0	chr20.45095781.45096191
45096184	1	-0.006413102149963379	chr20.45095781.45096191
45096184	2	-0.004395902156829834	chr20.45095781.45096191
45096184	3	1.52587890625e-05	chr20.45095781.45096191
45096185	0	0.0	chr20.45095781.45096191
45096185	1	-0.003144502639770508	chr20.45095781.45096191
45096185	2	-0.004661440849304199	chr20.45095781.45096191
45096185	3	0.0018194913864135742	chr20.45095781.45096191
45096186	0	0.008284270763397217	chr20.45095781.45096191
45096186	1	-0.002860724925994873	chr20.45095781.45096191
45096186	2	-0.0030919313430786133	chr20.45095781.45096191
45096186	3	0.0	chr20.45095781.45096191
45096187	0	0.0032535195350646973	chr20.45095781.45096191
45096187	1	0.0	chr20.45095781.45096191
45096187	2	0.009549975395202637	chr20.45095781.45096191
45096187	3	0.014569222927093506	chr20.45095781.45096191
45096188	0	-0.0030090808868408203	chr20.45095781.45096191
45096188	1	-6.973743438720703e-06	chr20.45095781.45096191
45096188	2	0.0023186802864074707	chr20.45095781.45096191
45096188	3	0.0	chr20.45095781.45096191
45096189	0	0.0	chr20.45095781.45096191
45096189	1	-0.0051566362380981445	chr20.45095781.45096191
45096189	2	0.006296873092651367	chr20.45095781.45096191
45096189	3	0.0010691285133361816	chr20.45095781.45096191
45096190	0	0.0057122111320495605	chr20.45095781.45096191
45096190	1	0.0	chr20.45095781.45096191
45096190	2	-0.00021964311599731445	chr20.45095781.45096191
45096190	3	0.0012931227684020996	chr20.45095781.45096191
