chr10	98420093	98420094	0.119262663111701
chr10	99834971	99834972	0.006097732800868
chr10	100303802	100303803	1.74527624723374e-05
chr10	103564412	103564413	1.74527624723374e-05
chr10	104278135	104278136	0.0189786510199752
chr10	104415830	104415831	0.0189786510199752
chr10	104441892	104441893	0.010947349453546
chr10	104472922	104472923	0.508715564308711
chr10	11155113	11155114	0.608390429317942
chr10	110372971	110372972	0.006097732800868
chr10	110373561	110373562	0.051219810355898
chr10	110554144	110554145	0.0032820896246216
chr10	110554248	110554249	0.0189786510199752
chr10	112307854	112307855	0.010947349453546
chr10	112456009	112456010	0.119262663111701
chr10	112801103	112801104	0.238712293877032
chr10	113576998	113576999	0.0796348953593159
chr10	116288069	116288070	0.119262663111701
chr10	116288158	116288159	0.0032820896246216
chr10	11822274	11822275	0.0189786510199752
chr10	117202552	117202553	0.119262663111701
chr10	118259783	118259784	0.410360692892148
chr10	119291263	119291264	0.010947349453546
chr10	119356105	119356106	0.0017082980966096
chr10	119499205	119499206	0.318957605580944
chr10	119735166	119735167	0.010947349453546
chr10	120506155	120506156	0.051219810355898
chr10	121092914	121092915	0.0189786510199752
chr10	121323589	121323590	0.051219810355898
chr10	121497887	121497888	0.410360692892148
chr10	121943220	121943221	0.051219810355898
chr10	122255423	122255424	0.006097732800868
chr10	122279706	122279707	0.006097732800868
chr10	122279719	122279720	0.0189786510199752
chr10	122279939	122279940	0.0032820896246216
chr10	122280141	122280142	0.006097732800868
chr10	12418261	12418262	0.119262663111701
chr10	123104325	123104326	0.238712293877032
chr10	123553389	123553390	0.0796348953593159
chr10	124320760	124320761	0.171974242755742
chr10	124725203	124725204	2.23991353263503e-08
chr10	125038698	125038699	1.74527624723374e-05
chr10	125407460	125407461	0.0189786510199752
chr10	126635430	126635431	0.508715564308711
chr10	12836042	12836043	0.119262663111701
chr10	128530661	128530662	0.410360692892148
chr10	128577076	128577077	0.0796348953593159
chr10	132643143	132643144	0.0008604282105759
chr10	132808903	132808904	0.703194782716079
chr10	132809002	132809003	0.703194782716079
chr10	132998103	132998104	0.051219810355898
chr10	133249522	133249523	0.508715564308711
chr10	133266283	133266284	0.703194782716079
chr10	133266357	133266358	0.508715564308711
chr10	13784241	13784242	0.238712293877032
chr10	14260366	14260367	9.0903786488488e-05
chr10	1662545	1662546	0.857262027006661
chr10	17412662	17412663	0.508715564308711
chr10	17534227	17534228	0.238712293877032
chr10	1716426	1716427	0.238712293877032
chr10	17607889	17607890	0.006097732800868
chr10	24293656	24293657	0.0189786510199752
chr10	24541420	24541421	0.0008604282105759
chr10	24897552	24897553	0.0189786510199752
chr10	29120262	29120263	0.119262663111701
chr10	29465679	29465680	0.010947349453546
chr10	29957812	29957813	0.119262663111701
chr10	29958235	29958236	0.0189786510199752
chr10	32211009	32211010	0.171974242755742
chr10	34961140	34961141	0.010947349453546
chr10	34961274	34961275	0.410360692892148
chr10	35008376	35008377	0.0017082980966096
chr10	3542373	3542374	0.0001983498297928
chr10	3542636	3542637	0.0796348953593159
chr10	35771380	35771381	0.051219810355898
chr10	3735211	3735212	0.0001983498297928
chr10	44861842	44861843	0.0004196676111481
chr10	44935507	44935508	0.171974242755742
chr10	44935872	44935873	0.119262663111701
chr10	45380531	45380532	0.0317495263254147
chr10	47413079	47413080	0.0017082980966096
chr10	47261837	47261838	0.703194782716079
chr10	49243621	49243622	0.0004196676111481
chr10	52539438	52539439	0.171974242755742
chr10	52746317	52746318	0.171974242755742
chr10	5516385	5516386	0.0032820896246216
chr10	58153108	58153109	0.238712293877032
chr10	5959052	5959053	0.006097732800868
chr10	58299880	58299881	0.006097732800868
chr10	62028086	62028087	0.0189786510199752
chr10	64396071	64396072	0.0004196676111481
chr10	6678312	6678313	0.508715564308711
chr10	6754116	6754117	0.508715564308711
chr10	6878063	6878064	0.318957605580944
chr10	68212838	68212839	0.0796348953593159
chr10	69313379	69313380	0.0001983498297928
chr10	69639490	69639491	0.119262663111701
chr10	69878229	69878230	0.0008604282105759
chr10	71486782	71486783	0.410360692892148
chr10	71667534	71667535	0.0032820896246216
chr10	74917640	74917641	0.119262663111701
chr10	77274200	77274201	0.0032820896246216
chr10	77962483	77962484	0.0796348953593159
chr10	78830784	78830785	0.0796348953593159
chr10	78830966	78830967	0.010947349453546
chr10	78924467	78924468	0.0189786510199752
chr10	79105262	79105263	0.010947349453546
chr10	8138884	8138885	0.0317495263254147
chr10	88901940	88901941	0.006097732800868
chr10	865350	865351	0.0001983498297928
chr10	90960872	90960873	0.0017082980966096
chr10	92843064	92843065	0.0001983498297928
chr10	93406697	93406698	0.006097732800868
chr10	93442574	93442575	0.318957605580944
chr10	93749686	93749687	0.0317495263254147
chr10	96222468	96222469	0.051219810355898
chr10	96222483	96222484	0.0189786510199752
chr10	96222818	96222819	0.0004196676111481
chr10	97775022	97775023	0.0189786510199752
chr11	102798150	102798151	0.318957605580944
chr11	102798498	102798499	0.0032820896246216
chr11	102900409	102900410	0.318957605580944
chr11	104391104	104391105	0.010947349453546
chr11	105553119	105553120	0.608390429317942
chr11	10728529	10728530	0.0317495263254147
chr11	107670210	107670211	0.171974242755742
chr11	107799501	107799502	0.171974242755742
chr11	10893920	10893921	0.410360692892148
chr11	11065380	11065381	0.508715564308711
chr11	11065511	11065512	0.0317495263254147
chr11	11157411	11157412	0.0001983498297928
chr11	113447982	113447983	2.82832608069679e-10
chr11	114252266	114252267	0.0008604282105759
chr11	11401202	11401203	0.010947349453546
chr11	115170242	115170243	7.790085620634e-09
chr11	115170291	115170292	2.6428466655381403e-09
chr11	11514332	11514333	0.0796348953593159
chr11	11519262	11519263	0.0796348953593159
chr11	11519308	11519309	0.010947349453546
chr11	115870393	115870394	0.0017082980966096
chr11	116078118	116078119	0.0004196676111481
chr11	116586673	116586674	0.0008604282105759
chr11	116606047	116606048	0.0032820896246216
chr11	116861795	116861796	2.98458571542928e-06
chr11	117621465	117621466	0.238712293877032
chr11	120904400	120904401	0.0004196676111481
chr11	12175810	12175811	0.608390429317942
chr11	12176210	12176211	0.119262663111701
chr11	122692629	122692630	0.0017082980966096
chr11	12249718	12249719	0.0796348953593159
chr11	12249892	12249893	0.051219810355898
chr11	123616523	123616524	4.04236697466387e-05
chr11	123616882	123616883	1.74527624723374e-05
chr11	123978086	123978087	0.318957605580944
chr11	123978274	123978275	0.0189786510199752
chr11	125923160	125923161	0.171974242755742
chr11	127790292	127790293	0.608390429317942
chr11	128484464	128484465	0.119262663111701
chr11	128484476	128484477	7.32030730029599e-06
chr11	128903517	128903518	0.410360692892148
chr11	130413853	130413854	0.051219810355898
chr11	132158386	132158387	0.006097732800868
chr11	132186821	132186822	0.0032820896246216
chr11	133134953	133134954	0.608390429317942
chr11	13289253	13289254	0.410360692892148
chr11	13289306	13289307	2.82832608069679e-10
chr11	14275264	14275265	0.171974242755742
chr11	14308713	14308714	2.44826375525797e-12
chr11	1607283	1607284	9.0903786488488e-05
chr11	17770274	17770275	0.0189786510199752
chr11	17845687	17845688	1.74527624723374e-05
chr11	18836768	18836769	0.119262663111701
chr11	20621665	20621666	0.0796348953593159
chr11	27211811	27211812	0.857262027006661
chr11	2739510	2739511	0.0189786510199752
chr11	2772883	2772884	0.0189786510199752
chr11	30553620	30553621	0.119262663111701
chr11	3110187	3110188	0.051219810355898
chr11	3110510	3110511	0.119262663111701
chr11	32487546	32487547	0.010947349453546
chr11	33135407	33135408	0.508715564308711
chr11	33453118	33453119	0.0189786510199752
chr11	33501066	33501067	0.0001983498297928
chr11	33631276	33631277	0.238712293877032
chr11	33921314	33921315	0.0796348953593159
chr11	34113150	34113151	0.171974242755742
chr11	34113344	34113345	0.318957605580944
chr11	34113378	34113379	0.0032820896246216
chr11	34565694	34565695	0.010947349453546
chr11	34610111	34610112	0.0317495263254147
chr11	35158705	35158706	0.051219810355898
chr11	35306200	35306201	0.051219810355898
chr11	44531570	44531571	0.0317495263254147
chr11	44538347	44538348	0.608390429317942
chr11	44538650	44538651	0.0004196676111481
chr11	44973889	44973890	0.051219810355898
chr11	45263222	45263223	0.006097732800868
chr11	45319168	45319169	0.0317495263254147
chr11	46427491	46427492	0.0032820896246216
chr11	46670186	46670187	1.18351095952227e-06
chr11	47663355	47663356	7.790085620634e-09
chr11	509332	509333	0.608390429317942
chr11	5606176	5606177	1.74527624723374e-05
chr11	565128	565129	4.04236697466387e-05
chr11	57434710	57434711	0.010947349453546
chr11	62425458	62425459	0.0189786510199752
chr11	64085743	64085744	0.119262663111701
chr11	64565823	64565824	0.010947349453546
chr11	66877782	66877783	1.99189597671742e-13
chr11	68798435	68798436	0.238712293877032
chr11	69306179	69306180	0.0008604282105759
chr11	69306213	69306214	0.0001983498297928
chr11	69691711	69691712	9.0903786488488e-05
chr11	69799557	69799558	0.787494743139936
chr11	69871055	69871056	0.0032820896246216
chr11	70532200	70532201	0.0796348953593159
chr11	70887929	70887930	0.171974242755742
chr11	7353362	7353363	0.0796348953593159
chr11	75451708	75451709	0.318957605580944
chr11	76146750	76146751	0.0032820896246216
chr11	76146981	76146982	0.006097732800868
chr11	76885575	76885576	0.910728744858846
chr11	78100679	78100680	0.119262663111701
chr11	78100846	78100847	9.0903786488488e-05
chr11	78564884	78564885	8.30456958301947e-12
chr11	79168795	79168796	0.171974242755742
chr11	791461	791462	2.23991353263503e-08
chr11	8225583	8225584	0.0017082980966096
chr11	8225838	8225839	0.318957605580944
chr11	8330109	8330110	0.006097732800868
chr11	8334365	8334366	0.0032820896246216
chr11	84907472	84907473	7.32030730029599e-06
chr11	85694474	85694475	0.0317495263254147
chr11	86519569	86519570	4.04236697466387e-05
chr11	86519855	86519856	0.0796348953593159
chr11	86519881	86519882	0.051219810355898
chr11	88247150	88247151	9.0903786488488e-05
chr11	8937472	8937473	0.0004196676111481
chr11	9281068	9281069	0.051219810355898
chr11	93624987	93624988	0.410360692892148
chr11	94664496	94664497	0.318957605580944
chr11	94732488	94732489	0.0032820896246216
chr11	94934545	94934546	0.119262663111701
chr11	94934798	94934799	0.010947349453546
chr11	966608	966609	0.006097732800868
chr12	99620235	99620236	0.787494743139936
chr12	101855058	101855059	0.119262663111701
chr12	103462833	103462834	0.010947349453546
chr12	103463034	103463035	0.508715564308711
chr12	103463129	103463130	0.318957605580944
chr12	103975508	103975509	0.0017082980966096
chr12	104534331	104534332	0.119262663111701
chr12	104534761	104534762	0.171974242755742
chr12	104582782	104582783	0.119262663111701
chr12	104583031	104583032	0.010947349453546
chr12	104877306	104877307	0.051219810355898
chr12	105485324	105485325	0.608390429317942
chr12	105987711	105987712	0.0189786510199752
chr12	106369949	106369950	7.32030730029599e-06
chr12	108234289	108234290	0.0017082980966096
chr12	108884970	108884971	9.0903786488488e-05
chr12	109595376	109595377	6.27978306910122e-08
chr12	109621693	109621694	0.0317495263254147
chr12	109740455	109740456	0.0317495263254147
chr12	109840757	109840758	0.171974242755742
chr12	109841006	109841007	4.56697868334658e-07
chr12	111269072	111269073	1.58057711290069e-17
chr12	113019119	113019120	0.171974242755742
chr12	113310896	113310897	0.0189786510199752
chr12	113485730	113485731	7.32030730029599e-06
chr12	114935975	114935976	0.0004196676111481
chr12	114977039	114977040	0.238712293877032
chr12	114977335	114977336	0.0017082980966096
chr12	116346805	116346806	0.0008604282105759
chr12	117587673	117587674	0.508715564308711
chr12	117854612	117854613	0.171974242755742
chr12	118132501	118132502	0.0317495263254147
chr12	118402651	118402652	0.318957605580944
chr12	119235697	119235698	0.608390429317942
chr12	11950370	11950371	0.238712293877032
chr12	11950511	11950512	0.787494743139936
chr12	120738180	120738181	4.04236697466387e-05
chr12	120818716	120818717	7.32030730029599e-06
chr12	121005312	121005313	4.04236697466387e-05
chr12	123688183	123688184	0.006097732800868
chr12	124169817	124169818	0.0001983498297928
chr12	124562440	124562441	0.010947349453546
chr12	124562742	124562743	0.410360692892148
chr12	124587096	124587097	0.410360692892148
chr12	124767038	124767039	0.0189786510199752
chr12	124900536	124900537	0.0004196676111481
chr12	126070018	126070019	0.410360692892148
chr12	12503523	12503524	0.410360692892148
chr12	126363291	126363292	0.508715564308711
chr12	127355418	127355419	0.238712293877032
chr12	127394044	127394045	0.238712293877032
chr12	129069884	129069885	0.0796348953593159
chr12	129070098	129070099	0.608390429317942
chr12	130026967	130026968	0.0032820896246216
chr12	131130053	131130054	0.857262027006661
chr12	131130084	131130085	0.857262027006661
chr12	13061602	13061603	0.0796348953593159
chr12	13061856	13061857	0.051219810355898
chr12	1350578	1350579	0.051219810355898
chr12	1614061	1614062	0.857262027006661
chr12	20625111	20625112	0.010947349453546
chr12	2160421	2160422	0.010947349453546
chr12	25089841	25089842	0.0004196676111481
chr12	25188242	25188243	0.0189786510199752
chr12	28872693	28872694	0.010947349453546
chr12	28873100	28873101	0.238712293877032
chr12	30441018	30441019	0.0189786510199752
chr12	30807503	30807504	7.32030730029599e-06
chr12	31022295	31022296	0.948446724950322
chr12	32000726	32000727	0.787494743139936
chr12	3275587	3275588	0.051219810355898
chr12	3275819	3275820	0.238712293877032
chr12	3276252	3276253	0.0796348953593159
chr12	3276480	3276481	0.0317495263254147
chr12	3635320	3635321	0.608390429317942
chr12	41936713	41936714	4.56697868334658e-07
chr12	44317771	44317772	0.051219810355898
chr12	46101810	46101811	0.0189786510199752
chr12	47534830	47534831	0.608390429317942
chr12	47748367	47748368	0.0008604282105759
chr12	47748852	47748853	0.010947349453546
chr12	4763605	4763606	0.0189786510199752
chr12	4763822	4763823	0.0796348953593159
chr12	4763996	4763997	0.010947349453546
chr12	48824387	48824388	0.0317495263254147
chr12	49763287	49763288	0.0004196676111481
chr12	50079876	50079877	0.0032820896246216
chr12	50080256	50080257	1.18351095952227e-06
chr12	52030211	52030212	0.0017082980966096
chr12	52209286	52209287	0.238712293877032
chr12	52655794	52655795	0.0317495263254147
chr12	52656050	52656051	0.0032820896246216
chr12	53039151	53039152	0.410360692892148
chr12	57149788	57149789	7.790085620634e-09
chr12	5665747	5665748	0.410360692892148
chr12	5665936	5665937	0.508715564308711
chr12	57794230	57794231	2.7543551576525397e-11
chr12	58067980	58067981	0.0001983498297928
chr12	59373286	59373287	0.0032820896246216
chr12	508814	508815	0.0032820896246216
chr12	62732292	62732293	0.0796348953593159
chr12	6392964	6392965	1.74527624723374e-05
chr12	65757084	65757085	0.410360692892148
chr12	65757212	65757213	0.171974242755742
chr12	67161545	67161546	0.410360692892148
chr12	67452483	67452484	0.0317495263254147
chr12	67661418	67661419	0.0017082980966096
chr12	71553392	71553393	0.006097732800868
chr12	75623694	75623695	0.410360692892148
chr12	75624147	75624148	0.0008604282105759
chr12	76010728	76010729	0.006097732800868
chr12	76010912	76010913	0.0004196676111481
chr12	76589044	76589045	0.238712293877032
chr12	76713477	76713478	0.508715564308711
chr12	76713557	76713558	0.051219810355898
chr12	84874763	84874764	0.238712293877032
chr12	89180047	89180048	0.0317495263254147
chr12	93564301	93564302	0.0796348953593159
chr13	99993468	99993469	0.010947349453546
chr13	103067015	103067016	0.119262663111701
chr13	108987705	108987706	0.010947349453546
chr13	111320750	111320751	0.318957605580944
chr13	112727638	112727639	0.508715564308711
chr13	113220499	113220500	2.23991353263503e-08
chr13	20301408	20301409	0.0317495263254147
chr13	20493023	20493024	0.910728744858846
chr13	20493126	20493127	0.857262027006661
chr13	21338715	21338716	0.0317495263254147
chr13	21338875	21338876	0.0032820896246216
chr13	22103219	22103220	0.0032820896246216
chr13	23507115	23507116	0.119262663111701
chr13	23915555	23915556	0.119262663111701
chr13	23915633	23915634	0.318957605580944
chr13	26915122	26915123	0.0796348953593159
chr13	26915177	26915178	0.508715564308711
chr13	26947220	26947221	0.608390429317942
chr13	26978563	26978564	0.006097732800868
chr13	28297748	28297749	0.171974242755742
chr13	29369468	29369469	0.410360692892148
chr13	29684734	29684735	0.0008604282105759
chr13	29684747	29684748	0.006097732800868
chr13	29684813	29684814	1.74527624723374e-05
chr13	33262175	33262176	0.318957605580944
chr13	37493005	37493006	0.051219810355898
chr13	40814339	40814340	0.171974242755742
chr13	42129257	42129258	4.56697868334658e-07
chr13	42918212	42918213	0.608390429317942
chr13	43303335	43303336	0.0796348953593159
chr13	44710760	44710761	0.171974242755742
chr13	45749125	45749126	0.0317495263254147
chr13	45880096	45880097	0.0796348953593159
chr13	48749871	48749872	0.171974242755742
chr13	48750297	48750298	0.787494743139936
chr13	48750397	48750398	0.006097732800868
chr13	49587375	49587376	0.006097732800868
chr13	67652049	67652050	0.857262027006661
chr13	73399404	73399405	0.410360692892148
chr13	73767440	73767441	0.0004196676111481
chr13	76149288	76149289	0.318957605580944
chr13	76632931	76632932	0.0189786510199752
chr13	78586743	78586744	0.010947349453546
chr13	98755854	98755855	0.0796348953593159
chr13	98756285	98756286	0.238712293877032
chr13	98773471	98773472	0.010947349453546
chr13	98984415	98984416	0.006097732800868
chr14	100408928	100408929	4.56697868334658e-07
chr14	102209499	102209500	0.010947349453546
chr14	104185059	104185060	0.0796348953593159
chr14	20579472	20579473	0.608390429317942
chr14	22296945	22296946	0.051219810355898
chr14	22790489	22790490	0.006097732800868
chr14	22987105	22987106	7.790085620634e-09
chr14	23124232	23124233	1.74527624723374e-05
chr14	23518780	23518781	0.0796348953593159
chr14	26404114	26404115	0.0032820896246216
chr14	30522151	30522152	0.0189786510199752
chr14	30522300	30522301	0.0189786510199752
chr14	33986801	33986802	0.006097732800868
chr14	40418047	40418048	0.608390429317942
chr14	54339000	54339001	0.171974242755742
chr14	54339144	54339145	0.0796348953593159
chr14	55126453	55126454	0.0189786510199752
chr14	55448674	55448675	0.0032820896246216
chr14	56491321	56491322	0.171974242755742
chr14	56491528	56491529	0.410360692892148
chr14	56491609	56491610	0.238712293877032
chr14	56774731	56774732	0.051219810355898
chr14	57533323	57533324	0.0032820896246216
chr14	58316060	58316061	0.0008604282105759
chr14	58414975	58414976	0.238712293877032
chr14	61409838	61409839	0.171974242755742
chr14	61925166	61925167	0.010947349453546
chr14	63308965	63308966	0.608390429317942
chr14	64683310	64683311	0.0008604282105759
chr14	64692623	64692624	0.0008604282105759
chr14	65810648	65810649	0.318957605580944
chr14	68610449	68610450	0.171974242755742
chr14	68610739	68610740	0.119262663111701
chr14	70069402	70069403	0.703194782716079
chr14	72621577	72621578	0.010947349453546
chr14	72643774	72643775	0.0032820896246216
chr14	72876868	72876869	0.0001983498297928
chr14	72877006	72877007	0.0004196676111481
chr14	72961951	72961952	7.32030730029599e-06
chr14	73526664	73526665	0.0008604282105759
chr14	74415129	74415130	0.0796348953593159
chr14	74415366	74415367	0.051219810355898
chr14	74460088	74460089	9.0903786488488e-05
chr14	74517137	74517138	0.0008604282105759
chr14	74549190	74549191	0.703194782716079
chr14	75132451	75132452	0.0001983498297928
chr14	75443023	75443024	7.32030730029599e-06
chr14	76591457	76591458	0.119262663111701
chr14	77152513	77152514	0.0317495263254147
chr14	77152562	77152563	0.0317495263254147
chr14	77152618	77152619	0.0317495263254147
chr14	77663558	77663559	0.010947349453546
chr14	91858849	91858850	0.0189786510199752
chr14	91858897	91858898	0.0796348953593159
chr14	91906658	91906659	0.010947349453546
chr14	91906853	91906854	0.051219810355898
chr14	92160793	92160794	0.508715564308711
chr14	92160995	92160996	0.171974242755742
chr14	93057231	93057232	0.0001983498297928
chr14	94088901	94088902	0.410360692892148
chr14	94671135	94671136	0.171974242755742
chr14	94672081	94672082	0.238712293877032
chr14	94672333	94672334	0.238712293877032
chr14	94833706	94833707	0.238712293877032
chr14	94833757	94833758	0.318957605580944
chr14	94834019	94834020	0.238712293877032
chr14	95313794	95313795	0.0189786510199752
chr14	99138247	99138248	0.051219810355898
chr15	100929031	100929032	0.0189786510199752
chr15	101580135	101580136	0.410360692892148
chr15	24847118	24847119	0.119262663111701
chr15	32867309	32867310	0.171974242755742
chr15	33133158	33133159	0.119262663111701
chr15	33729761	33729762	0.410360692892148
chr15	33730023	33730024	0.508715564308711
chr15	34066123	34066124	0.119262663111701
chr15	34206203	34206204	0.0189786510199752
chr15	37880872	37880873	0.0796348953593159
chr15	38751166	38751167	0.0796348953593159
chr15	39313142	39313143	0.238712293877032
chr15	39313186	39313187	0.0001983498297928
chr15	39313263	39313264	0.119262663111701
chr15	42935316	42935317	0.010947349453546
chr15	44088025	44088026	0.051219810355898
chr15	44489593	44489594	0.171974242755742
chr15	45277244	45277245	0.006097732800868
chr15	45448013	45448014	0.608390429317942
chr15	45790682	45790683	0.171974242755742
chr15	47196323	47196324	0.119262663111701
chr15	48085315	48085316	0.171974242755742
chr15	48855994	48855995	0.010947349453546
chr15	48856279	48856280	0.0008604282105759
chr15	53414310	53414311	0.0189786510199752
chr15	55830148	55830149	0.0001983498297928
chr15	55830262	55830263	0.0001983498297928
chr15	58423844	58423845	0.010947349453546
chr15	60038446	60038447	0.010947349453546
chr15	60326923	60326924	0.318957605580944
chr15	60902034	60902035	0.0017082980966096
chr15	60902150	60902151	0.051219810355898
chr15	61818278	61818279	0.051219810355898
chr15	63371211	63371212	0.119262663111701
chr15	63517790	63517791	2.98458571542928e-06
chr15	63893144	63893145	0.238712293877032
chr15	63893330	63893331	0.0004196676111481
chr15	65921359	65921360	2.98458571542928e-06
chr15	66196648	66196649	0.0796348953593159
chr15	66578629	66578630	0.0017082980966096
chr15	66638523	66638524	0.318957605580944
chr15	66638722	66638723	0.006097732800868
chr15	66638772	66638773	0.0001983498297928
chr15	68334203	68334204	0.119262663111701
chr15	69410365	69410366	0.171974242755742
chr15	70566209	70566210	0.318957605580944
chr15	71357772	71357773	0.0008604282105759
chr15	71357814	71357815	0.0001983498297928
chr15	71497003	71497004	0.0004196676111481
chr15	71651902	71651903	0.051219810355898
chr15	73697479	73697480	0.0189786510199752
chr15	74630650	74630651	0.0317495263254147
chr15	75140175	75140176	2.23991353263503e-08
chr15	75444110	75444111	0.0017082980966096
chr15	75516630	75516631	6.27978306910122e-08
chr15	77577574	77577575	0.0004196676111481
chr15	78180966	78180967	0.006097732800868
chr15	78181206	78181207	0.006097732800868
chr15	78205250	78205251	0.318957605580944
chr15	79169173	79169174	0.0317495263254147
chr15	80747988	80747989	0.0008604282105759
chr15	80789350	80789351	0.010947349453546
chr15	81275631	81275632	0.0001983498297928
chr15	81531196	81531197	0.0032820896246216
chr15	83322538	83322539	0.238712293877032
chr15	83785035	83785036	0.0189786510199752
chr15	85486365	85486366	4.04236697466387e-05
chr15	86045050	86045051	0.171974242755742
chr15	86045248	86045249	0.171974242755742
chr15	88028302	88028303	0.171974242755742
chr15	88834541	88834542	0.703194782716079
chr15	88834556	88834557	0.171974242755742
chr15	88835026	88835027	0.608390429317942
chr15	89848688	89848689	0.0032820896246216
chr15	89917896	89917897	1.74527624723374e-05
chr15	90693999	90694000	0.0189786510199752
chr15	92082292	92082293	0.318957605580944
chr15	92158763	92158764	0.0001983498297928
chr15	92192684	92192685	0.410360692892148
chr15	92192950	92192951	0.006097732800868
chr15	92226165	92226166	0.051219810355898
chr15	93831796	93831797	0.0796348953593159
chr15	97899301	97899302	9.0903786488488e-05
chr15	98085410	98085411	0.171974242755742
chr15	98085460	98085461	0.410360692892148
chr16	10870260	10870261	0.0317495263254147
chr16	10966293	10966294	0.0017082980966096
chr16	1061383	1061384	4.04236697466387e-05
chr16	11076189	11076190	0.0317495263254147
chr16	11415211	11415212	0.0032820896246216
chr16	1120511	1120512	0.0189786510199752
chr16	12067791	12067792	0.119262663111701
chr16	12068067	12068068	0.0004196676111481
chr16	13036822	13036823	0.410360692892148
chr16	1286401	1286402	0.0317495263254147
chr16	15745176	15745177	0.0004196676111481
chr16	16074750	16074751	0.0317495263254147
chr16	19502818	19502819	0.119262663111701
chr16	20971509	20971510	0.119262663111701
chr16	20971568	20971569	0.010947349453546
chr16	22787673	22787674	0.0317495263254147
chr16	23060783	23060784	0.006097732800868
chr16	23258634	23258635	0.051219810355898
chr16	24585694	24585695	0.0001983498297928
chr16	24585848	24585849	0.0004196676111481
chr16	27176347	27176348	0.508715564308711
chr16	28981727	28981728	7.05981208409337e-13
chr16	2956838	2956839	0.0008604282105759
chr16	3039647	3039648	0.0032820896246216
chr16	31365527	31365528	2.98458571542928e-06
chr16	31501764	31501765	0.0004196676111481
chr16	4176986	4176987	9.0903786488488e-05
chr16	49348919	49348920	0.010947349453546
chr16	49649508	49649509	0.006097732800868
chr16	50114496	50114497	0.0008604282105759
chr16	50114596	50114597	0.0008604282105759
chr16	54080616	54080617	0.0796348953593159
chr16	54080911	54080912	0.051219810355898
chr16	55120797	55120798	0.410360692892148
chr16	56533191	56533192	0.0796348953593159
chr16	57677650	57677651	0.0317495263254147
chr16	57724819	57724820	0.0796348953593159
chr16	62363584	62363585	0.410360692892148
chr16	63290118	63290119	0.0796348953593159
chr16	66632733	66632734	0.0796348953593159
chr16	67951802	67951803	4.56697868334658e-07
chr16	69078494	69078495	1.18351095952227e-06
chr16	70645481	70645482	0.0004196676111481
chr16	72956653	72956654	0.0017082980966096
chr16	7268546	7268547	0.0317495263254147
chr16	73743913	73743914	0.410360692892148
chr16	74570942	74570943	0.119262663111701
chr16	77833971	77833972	0.0189786510199752
chr16	78987712	78987713	0.171974242755742
chr16	81215110	81215111	0.986990338640232
chr16	81215139	81215140	0.410360692892148
chr16	81215329	81215330	0.508715564308711
chr16	764057	764058	0.171974242755742
chr16	82672165	82672166	0.318957605580944
chr16	83113573	83113574	0.010947349453546
chr16	83993978	83993979	0.006097732800868
chr16	83994482	83994483	0.119262663111701
chr16	83994517	83994518	0.410360692892148
chr16	84562651	84562652	0.238712293877032
chr16	84583278	84583279	0.318957605580944
chr16	85075721	85075722	0.0189786510199752
chr16	85086893	85086894	0.0796348953593159
chr16	85087002	85087003	0.238712293877032
chr16	85149023	85149024	0.0189786510199752
chr16	85149292	85149293	0.410360692892148
chr16	85230275	85230276	0.0032820896246216
chr16	85308106	85308107	0.238712293877032
chr16	8661263	8661264	0.0189786510199752
chr16	8661289	8661290	0.010947349453546
chr16	87721785	87721786	0.010947349453546
chr16	8906145	8906146	2.98458571542928e-06
chr16	8906227	8906228	0.0008604282105759
chr16	9076390	9076391	0.051219810355898
chr17	1242211	1242212	0.410360692892148
chr17	13140985	13140986	2.98458571542928e-06
chr17	14356105	14356106	0.171974242755742
chr17	14622890	14622891	0.508715564308711
chr17	15655242	15655243	0.0317495263254147
chr17	16378923	16378924	0.0032820896246216
chr17	17096886	17096887	0.0796348953593159
chr17	17536143	17536144	0.010947349453546
chr17	17551568	17551569	7.32030730029599e-06
chr17	19457897	19457898	7.32030730029599e-06
chr17	19734226	19734227	1.74527624723374e-05
chr17	19734237	19734238	0.0004196676111481
chr17	2564874	2564875	0.0032820896246216
chr17	27364118	27364119	0.0189786510199752
chr17	27586762	27586763	0.119262663111701
chr17	27748497	27748498	0.410360692892148
chr17	27756969	27756970	0.0189786510199752
chr17	27800805	27800806	0.0796348953593159
chr17	28133949	28133950	0.410360692892148
chr17	28398248	28398249	0.0001983498297928
chr17	29219611	29219612	4.04236697466387e-05
chr17	29808489	29808490	2.44826375525797e-12
chr17	2937467	2937468	0.0317495263254147
chr17	2937495	2937496	0.0189786510199752
chr17	2937636	2937637	0.0189786510199752
chr17	32016126	32016127	0.0032820896246216
chr17	33050074	33050075	0.051219810355898
chr17	33779148	33779149	0.508715564308711
chr17	34301044	34301045	0.171974242755742
chr17	34301316	34301317	0.0796348953593159
chr17	36777539	36777540	0.508715564308711
chr17	37683730	37683731	0.119262663111701
chr17	3773098	3773099	0.051219810355898
chr17	3935331	3935332	0.010947349453546
chr17	40694771	40694772	0.238712293877032
chr17	4152533	4152534	0.0317495263254147
chr17	43393314	43393315	0.238712293877032
chr17	47936283	47936284	1.18351095952227e-06
chr17	48043404	48043405	7.05981208409337e-13
chr17	49055456	49055457	7.32030730029599e-06
chr17	50114489	50114490	0.318957605580944
chr17	51362965	51362966	0.0189786510199752
chr17	5307778	5307779	0.051219810355898
chr17	5422841	5422842	1.18351095952227e-06
chr17	5422857	5422858	0.0032820896246216
chr17	56319630	56319631	0.171974242755742
chr17	57121854	57121855	0.508715564308711
chr17	57122030	57122031	0.0796348953593159
chr17	57604187	57604188	0.318957605580944
chr17	5668164	5668165	0.051219810355898
chr17	58254965	58254966	0.0317495263254147
chr17	60163402	60163403	0.119262663111701
chr17	65230255	65230256	0.508715564308711
chr17	6456781	6456782	0.006097732800868
chr17	69085371	69085372	0.0317495263254147
chr17	69828634	69828635	0.171974242755742
chr17	72420165	72420166	0.0004196676111481
chr17	73138666	73138667	0.0032820896246216
chr17	73282395	73282396	0.0017082980966096
chr17	73356497	73356498	0.0317495263254147
chr17	73361670	73361671	0.010947349453546
chr17	73777433	73777434	0.910728744858846
chr17	74271380	74271381	0.238712293877032
chr17	7346550	7346551	0.0317495263254147
chr17	74770160	74770161	7.790085620634e-09
chr17	76460675	76460676	0.703194782716079
chr17	76909512	76909513	0.0032820896246216
chr17	78497488	78497489	0.051219810355898
chr17	78533187	78533188	0.119262663111701
chr17	78957096	78957097	0.703194782716079
chr17	79372963	79372964	0.010947349453546
chr17	79775161	79775162	0.051219810355898
chr17	79865225	79865226	0.0017082980966096
chr17	82058575	82058576	0.119262663111701
chr17	82587279	82587280	0.608390429317942
chr17	82603447	82603448	0.0004196676111481
chr17	82745503	82745504	0.119262663111701
chr17	82804962	82804963	0.0796348953593159
chr17	82979951	82979952	0.119262663111701
chr17	8888685	8888686	0.171974242755742
chr17	8888711	8888712	0.119262663111701
chr17	8888775	8888776	0.171974242755742
chr17	10095269	10095270	0.010947349453546
chr18	12041694	12041695	0.508715564308711
chr18	12257230	12257231	0.0317495263254147
chr18	12414326	12414327	0.0796348953593159
chr18	22412502	22412503	0.410360692892148
chr18	23951547	23951548	0.051219810355898
chr18	2173590	2173591	0.238712293877032
chr18	26487966	26487967	0.318957605580944
chr18	26540373	26540374	0.318957605580944
chr18	26804575	26804576	0.119262663111701
chr18	26805011	26805012	0.0796348953593159
chr18	32549681	32549682	0.508715564308711
chr18	36203747	36203748	0.238712293877032
chr18	36203818	36203819	0.0317495263254147
chr18	3579665	3579666	0.318957605580944
chr18	3579851	3579852	0.318957605580944
chr18	39455786	39455787	1.7158545546957e-07
chr18	44946362	44946363	0.010947349453546
chr18	46260100	46260101	4.04236697466387e-05
chr18	46711455	46711456	0.608390429317942
chr18	46711515	46711516	0.986990338640232
chr18	4450736	4450737	0.318957605580944
chr18	47577792	47577793	0.787494743139936
chr18	47578003	47578004	0.703194782716079
chr18	48033588	48033589	0.0317495263254147
chr18	48050829	48050830	0.0004196676111481
chr18	48318128	48318129	0.010947349453546
chr18	48318550	48318551	0.006097732800868
chr18	48318791	48318792	0.0017082980966096
chr18	49621928	49621929	0.0004196676111481
chr18	49622392	49622393	0.171974242755742
chr18	50098108	50098109	0.0796348953593159
chr18	476476	476477	0.410360692892148
chr18	50284360	50284361	0.171974242755742
chr18	52218812	52218813	0.410360692892148
chr18	5104690	5104691	0.0008604282105759
chr18	54444818	54444819	0.508715564308711
chr18	55983077	55983078	0.0001983498297928
chr18	57533820	57533821	0.410360692892148
chr18	57921907	57921908	0.119262663111701
chr18	58552357	58552358	0.318957605580944
chr18	58850567	58850568	0.119262663111701
chr18	63676777	63676778	0.410360692892148
chr18	63963811	63963812	0.787494743139936
chr18	63975304	63975305	0.318957605580944
chr18	66272245	66272246	0.010947349453546
chr18	6402126	6402127	0.0004196676111481
chr18	70333853	70333854	0.119262663111701
chr18	7003718	7003719	0.0017082980966096
chr18	72444998	72444999	0.508715564308711
chr18	74255283	74255284	0.238712293877032
chr18	74255553	74255554	0.051219810355898
chr18	74310687	74310688	0.608390429317942
chr18	76338776	76338777	0.410360692892148
chr18	76554233	76554234	0.0189786510199752
chr18	77146579	77146580	0.238712293877032
chr18	79259644	79259645	0.0001983498297928
chr18	79366679	79366680	0.051219810355898
chr18	902326	902327	0.0001983498297928
chr18	939336	939337	4.04236697466387e-05
chr18	9765614	9765615	0.238712293877032
chr18	9765847	9765848	0.608390429317942
chr19	9952768	9952769	1.74527624723374e-05
chr19	10745104	10745105	5.5007059004919e-14
chr19	10948503	10948504	0.0004196676111481
chr19	10954732	10954733	6.27978306910122e-08
chr19	12574342	12574343	1.74527624723374e-05
chr19	1372441	1372442	0.0001983498297928
chr19	13825825	13825826	0.0008604282105759
chr19	13903398	13903399	0.010947349453546
chr19	14128413	14128414	0.0004196676111481
chr19	15049169	15049170	0.0796348953593159
chr19	1533737	1533738	0.703194782716079
chr19	16330987	16330988	0.0796348953593159
chr19	16514563	16514564	0.410360692892148
chr19	16739723	16739724	0.608390429317942
chr19	1773353	1773354	0.608390429317942
chr19	1773999	1774000	0.171974242755742
chr19	1977428	1977429	0.171974242755742
chr19	1985391	1985392	0.410360692892148
chr19	1985526	1985527	0.410360692892148
chr19	1985912	1985913	0.410360692892148
chr19	1986455	1986456	0.119262663111701
chr19	19997729	19997730	0.0189786510199752
chr19	21900879	21900880	0.006097732800868
chr19	2576273	2576274	0.119262663111701
chr19	3251220	3251221	0.051219810355898
chr19	32388357	32388358	0.119262663111701
chr19	3319782	3319783	0.0317495263254147
chr19	33132697	33132698	0.051219810355898
chr19	33533343	33533344	7.790085620634e-09
chr19	33740803	33740804	0.0796348953593159
chr19	33741266	33741267	0.608390429317942
chr19	3432253	3432254	9.0903786488488e-05
chr19	35307156	35307157	0.0001983498297928
chr19	35476521	35476522	0.171974242755742
chr19	35556054	35556055	0.703194782716079
chr19	35731955	35731956	0.318957605580944
chr19	38645233	38645234	0.0017082980966096
chr19	38759667	38759668	4.04236697466387e-05
chr19	38759696	38759697	8.74999150070675e-10
chr19	39417140	39417141	0.0317495263254147
chr19	4147447	4147448	0.508715564308711
chr19	422937	422938	0.0032820896246216
chr19	43626300	43626301	0.0796348953593159
chr19	43664128	43664129	0.051219810355898
chr19	43956896	43956897	0.0032820896246216
chr19	45148820	45148821	0.0796348953593159
chr19	46186504	46186505	0.010947349453546
chr19	46218209	46218210	0.508715564308711
chr19	46279319	46279320	0.119262663111701
chr19	46279348	46279349	0.0017082980966096
chr19	46796561	46796562	9.0903786488488e-05
chr19	4764293	4764294	0.0008604282105759
chr19	47438869	47438870	0.0008604282105759
chr19	50451326	50451327	0.608390429317942
chr19	50815652	50815653	0.608390429317942
chr19	50842564	50842565	0.948446724950322
chr19	50976145	50976146	0.006097732800868
chr19	52465130	52465131	0.318957605580944
chr19	52465350	52465351	0.410360692892148
chr19	52543025	52543026	0.410360692892148
chr19	5314249	5314250	0.508715564308711
chr19	53808850	53808851	0.608390429317942
chr19	53808951	53808952	0.410360692892148
chr19	547972	547973	0.318957605580944
chr19	549677	549678	0.171974242755742
chr19	54478079	54478080	0.051219810355898
chr19	5561892	5561893	0.0189786510199752
chr19	55292451	55292452	0.0008604282105759
chr19	5582015	5582016	0.010947349453546
chr19	56877526	56877527	0.051219810355898
chr19	56956121	56956122	0.0317495263254147
chr19	5943910	5943911	0.0017082980966096
chr19	6161497	6161498	0.006097732800868
chr19	6552374	6552375	0.0189786510199752
chr19	6552433	6552434	0.238712293877032
chr19	7006932	7006933	0.318957605580944
chr19	8101492	8101493	0.010947349453546
chr19	8601987	8601988	0.0317495263254147
chr19	9802240	9802241	0.0017082980966096
chr1	10633236	10633237	7.32030730029599e-06
chr1	109935704	109935705	0.119262663111701
chr1	113677682	113677683	2.98458571542928e-06
chr1	115112736	115112737	0.006097732800868
chr1	115112781	115112782	0.006097732800868
chr1	115113032	115113033	9.0903786488488e-05
chr1	11558534	11558535	0.508715564308711
chr1	116476480	116476481	0.0317495263254147
chr1	117128872	117128873	0.0796348953593159
chr1	117708552	117708553	0.0008604282105759
chr1	11777953	11777954	0.0317495263254147
chr1	11778041	11778042	0.0317495263254147
chr1	11841534	11841535	4.04236697466387e-05
chr1	119611979	119611980	0.0017082980966096
chr1	119612174	119612175	0.006097732800868
chr1	12204297	12204298	0.318957605580944
chr1	12580621	12580622	0.0017082980966096
chr1	13930368	13930369	0.238712293877032
chr1	147495391	147495392	0.410360692892148
chr1	150429942	150429943	9.0903786488488e-05
chr1	14787799	14787800	0.0796348953593159
chr1	152393178	152393179	0.119262663111701
chr1	152654063	152654064	0.0796348953593159
chr1	152752339	152752340	0.238712293877032
chr1	14983364	14983365	0.318957605580944
chr1	153190552	153190553	0.508715564308711
chr1	153195388	153195389	0.0796348953593159
chr1	153429111	153429112	0.051219810355898
chr1	153429187	153429188	0.0189786510199752
chr1	15112493	15112494	0.0317495263254147
chr1	15234403	15234404	0.410360692892148
chr1	15234684	15234685	0.0317495263254147
chr1	15279956	15279957	0.0317495263254147
chr1	156262566	156262567	0.051219810355898
chr1	156263687	156263688	4.04236697466387e-05
chr1	156383182	156383183	0.0317495263254147
chr1	156383249	156383250	0.410360692892148
chr1	156386687	156386688	0.0008604282105759
chr1	156885704	156885705	0.0189786510199752
chr1	156886002	156886003	0.010947349453546
chr1	157403205	157403206	0.171974242755742
chr1	160830689	160830690	0.0032820896246216
chr1	160830768	160830769	0.006097732800868
chr1	15925075	15925076	0.0796348953593159
chr1	165114571	165114572	0.0796348953593159
chr1	165841814	165841815	0.0796348953593159
chr1	167171721	167171722	0.0004196676111481
chr1	168093416	168093417	0.0189786510199752
chr1	168445781	168445782	0.238712293877032
chr1	169348723	169348724	4.04236697466387e-05
chr1	169596107	169596108	0.051219810355898
chr1	169596154	169596155	0.0317495263254147
chr1	171468529	171468530	0.0017082980966096
chr1	172254948	172254949	4.56697868334658e-07
chr1	174770347	174770348	7.32030730029599e-06
chr1	175225979	175225980	0.608390429317942
chr1	175332844	175332845	1.74527624723374e-05
chr1	179079287	179079288	0.0032820896246216
chr1	181078643	181078644	0.0017082980966096
chr1	181216724	181216725	0.0017082980966096
chr1	186237055	186237056	0.0317495263254147
chr1	186722991	186722992	0.0796348953593159
chr1	18653904	18653905	0.0796348953593159
chr1	19353624	19353625	0.0017082980966096
chr1	19353929	19353930	0.0317495263254147
chr1	19354037	19354038	4.04236697466387e-05
chr1	19354049	19354050	0.0001983498297928
chr1	19354063	19354064	0.0004196676111481
chr1	19446352	19446353	0.010947349453546
chr1	198220334	198220335	0.0008604282105759
chr1	201656694	201656695	0.119262663111701
chr1	201899204	201899205	0.0017082980966096
chr1	19867128	19867129	0.857262027006661
chr1	202203640	202203641	0.0317495263254147
chr1	203570237	203570238	0.0317495263254147
chr1	204423128	204423129	0.0032820896246216
chr1	205141800	205141801	5.5007059004919e-14
chr1	205335919	205335920	4.04236697466387e-05
chr1	205397139	205397140	0.0017082980966096
chr1	205500627	205500628	0.0004196676111481
chr1	205673661	205673662	0.006097732800868
chr1	205913325	205913326	0.006097732800868
chr1	205913672	205913673	0.006097732800868
chr1	207017818	207017819	0.910728744858846
chr1	20439663	20439664	0.171974242755742
chr1	207865250	207865251	1.74527624723374e-05
chr1	207865338	207865339	4.56697868334658e-07
chr1	208437436	208437437	0.171974242755742
chr1	208437777	208437778	0.119262663111701
chr1	208450129	208450130	0.0032820896246216
chr1	208450276	208450277	0.0008604282105759
chr1	208604403	208604404	0.0032820896246216
chr1	208604549	208604550	0.238712293877032
chr1	20578249	20578250	0.051219810355898
chr1	20578364	20578365	0.0008604282105759
chr1	209602454	209602455	0.006097732800868
chr1	210265240	210265241	0.119262663111701
chr1	212203110	212203111	0.119262663111701
chr1	212219143	212219144	2.98458571542928e-06
chr1	214637830	214637831	0.0317495263254147
chr1	214678516	214678517	0.119262663111701
chr1	21322121	21322122	0.0317495263254147
chr1	21323414	21323415	0.608390429317942
chr1	216464906	216464907	0.410360692892148
chr1	216836758	216836759	0.0189786510199752
chr1	217431434	217431435	0.171974242755742
chr1	218874638	218874639	0.0032820896246216
chr1	220962328	220962329	1.18351095952227e-06
chr1	220962618	220962619	2.98458571542928e-06
chr1	220984557	220984558	0.0008604282105759
chr1	224200046	224200047	0.0189786510199752
chr1	224451380	224451381	1.7158545546957e-07
chr1	225554601	225554602	0.0189786510199752
chr1	225945300	225945301	0.857262027006661
chr1	226360852	226360853	0.508715564308711
chr1	227449390	227449391	0.0189786510199752
chr1	228236898	228236899	0.0317495263254147
chr1	229715663	229715664	0.0032820896246216
chr1	230318296	230318297	0.0032820896246216
chr1	230568438	230568439	0.010947349453546
chr1	230568544	230568545	0.006097732800868
chr1	231357940	231357941	1.7158545546957e-07
chr1	234516108	234516109	0.0032820896246216
chr1	236039979	236039980	0.0317495263254147
chr1	236748756	236748757	0.508715564308711
chr1	236748918	236748919	0.318957605580944
chr1	236748985	236748986	0.119262663111701
chr1	237851510	237851511	0.410360692892148
chr1	237851669	237851670	0.410360692892148
chr1	23810054	23810055	2.98458571542928e-06
chr1	241591533	241591534	0.0796348953593159
chr1	245998151	245998152	0.0189786510199752
chr1	245998491	245998492	0.0796348953593159
chr1	246809791	246809792	0.119262663111701
chr1	246809853	246809854	0.0796348953593159
chr1	246809855	246809856	0.0796348953593159
chr1	24688926	24688927	0.0004196676111481
chr1	24689022	24689023	0.171974242755742
chr1	24689038	24689039	0.010947349453546
chr1	24695563	24695564	9.0903786488488e-05
chr1	24988402	24988403	0.006097732800868
chr1	25006772	25006773	0.006097732800868
chr1	27118914	27118915	0.171974242755742
chr1	27616796	27616797	0.410360692892148
chr1	29246041	29246042	0.0008604282105759
chr1	29689520	29689521	0.857262027006661
chr1	3130687	3130688	0.0001983498297928
chr1	30089218	30089219	0.318957605580944
chr1	30089415	30089416	0.238712293877032
chr1	30106379	30106380	0.703194782716079
chr1	30318668	30318669	0.703194782716079
chr1	30318677	30318678	0.910728744858846
chr1	30618599	30618600	0.508715564308711
chr1	32770049	32770050	0.238712293877032
chr1	33007322	33007323	1.74527624723374e-05
chr1	33007340	33007341	0.0317495263254147
chr1	33440275	33440276	9.0903786488488e-05
chr1	33443906	33443907	7.32030730029599e-06
chr1	33519369	33519370	0.171974242755742
chr1	33519386	33519387	0.318957605580944
chr1	34149974	34149975	0.238712293877032
chr1	34907772	34907773	0.010947349453546
chr1	37177415	37177416	0.051219810355898
chr1	37177716	37177717	0.051219810355898
chr1	37932915	37932916	4.56697868334658e-07
chr1	37933021	37933022	2.82832608069679e-10
chr1	39076456	39076457	0.0017082980966096
chr1	3976134	3976135	0.0032820896246216
chr1	42427492	42427493	0.010947349453546
chr1	43282379	43282380	0.051219810355898
chr1	43294564	43294565	2.6428466655381403e-09
chr1	43783672	43783673	1.74527624723374e-05
chr1	43783813	43783814	8.92917108622675e-11
chr1	44390379	44390380	1.7158545546957e-07
chr1	45544979	45544980	4.56697868334658e-07
chr1	45881655	45881656	0.0008604282105759
chr1	47564576	47564577	0.318957605580944
chr1	47564677	47564678	0.119262663111701
chr1	47853858	47853859	0.410360692892148
chr1	47934725	47934726	0.508715564308711
chr1	52590514	52590515	0.010947349453546
chr1	52590630	52590631	0.010947349453546
chr1	52976949	52976950	0.508715564308711
chr1	53068575	53068576	0.0032820896246216
chr1	53068684	53068685	0.0032820896246216
chr1	53087849	53087850	0.119262663111701
chr1	54361880	54361881	0.0017082980966096
chr1	58251737	58251738	0.318957605580944
chr1	58618466	58618467	0.787494743139936
chr1	59139459	59139460	0.238712293877032
chr1	59967403	59967404	0.410360692892148
chr1	59967597	59967598	0.508715564308711
chr1	60733199	60733200	7.32030730029599e-06
chr1	6157798	6157799	0.051219810355898
chr1	62426410	62426411	0.0032820896246216
chr1	62426556	62426557	0.0317495263254147
chr1	64112086	64112087	0.608390429317942
chr1	64137547	64137548	0.0317495263254147
chr1	6404993	6404994	0.857262027006661
chr1	65209426	65209427	0.0317495263254147
chr1	6572890	6572891	6.27978306910122e-08
chr1	6621683	6621684	0.0796348953593159
chr1	66607752	66607753	2.98458571542928e-06
chr1	66607882	66607883	1.74527624723374e-05
chr1	67575877	67575878	0.010947349453546
chr1	69078124	69078125	0.508715564308711
chr1	77473732	77473733	1.7158545546957e-07
chr1	79105931	79105932	0.0032820896246216
chr1	80404048	80404049	0.0189786510199752
chr1	80404106	80404107	0.0189786510199752
chr1	84387458	84387459	0.0796348953593159
chr1	87224389	87224390	0.0317495263254147
chr1	8900093	8900094	0.0032820896246216
chr1	89900954	89900955	0.410360692892148
chr1	9267327	9267328	0.0008604282105759
chr1	92818490	92818491	0.006097732800868
chr1	9644866	9644867	0.608390429317942
chr20	10429671	10429672	0.006097732800868
chr20	10429782	10429783	0.010947349453546
chr20	10429845	10429846	0.0317495263254147
chr20	12057960	12057961	0.410360692892148
chr20	12058145	12058146	0.410360692892148
chr20	12838518	12838519	0.0008604282105759
chr20	14985176	14985177	0.703194782716079
chr20	16580344	16580345	0.238712293877032
chr20	16580557	16580558	0.0032820896246216
chr20	17846428	17846429	0.006097732800868
chr20	1934304	1934305	0.119262663111701
chr20	1934579	1934580	0.0189786510199752
chr20	1944060	1944061	2.6428466655381403e-09
chr20	19712847	19712848	0.0017082980966096
chr20	19713133	19713134	0.119262663111701
chr20	19807371	19807372	0.238712293877032
chr20	19984996	19984997	0.972770075524967
chr20	22533982	22533983	4.04236697466387e-05
chr20	23118558	23118559	0.171974242755742
chr20	23661751	23661752	0.508715564308711
chr20	23661789	23661790	0.0017082980966096
chr20	23661820	23661821	0.0189786510199752
chr20	25083675	25083676	1.74527624723374e-05
chr20	2865750	2865751	0.0317495263254147
chr20	2865780	2865781	9.0903786488488e-05
chr20	2879408	2879409	0.051219810355898
chr20	3094982	3094983	0.0004196676111481
chr20	33065761	33065762	0.0032820896246216
chr20	33077126	33077127	0.0008604282105759
chr20	349197	349198	0.051219810355898
chr20	35387377	35387378	2.7543551576525397e-11
chr20	35894144	35894145	0.0004196676111481
chr20	36128315	36128316	1.7158545546957e-07
chr20	3563568	3563569	0.0189786510199752
chr20	3563693	3563694	0.238712293877032
chr20	38590910	38590911	0.171974242755742
chr20	38922291	38922292	0.006097732800868
chr20	39117810	39117811	0.010947349453546
chr20	40416363	40416364	0.410360692892148
chr20	40858469	40858470	0.006097732800868
chr20	41034688	41034689	0.238712293877032
chr20	41386933	41386934	0.006097732800868
chr20	41750151	41750152	0.410360692892148
chr20	4060803	4060804	0.119262663111701
chr20	4076903	4076904	0.0796348953593159
chr20	42191816	42191817	0.0189786510199752
chr20	42204363	42204364	0.051219810355898
chr20	4152016	4152017	1.74527624723374e-05
chr20	4224412	4224413	0.0796348953593159
chr20	44112058	44112059	0.006097732800868
chr20	45368599	45368600	0.0317495263254147
chr20	45368861	45368862	0.238712293877032
chr20	45369005	45369006	0.0317495263254147
chr20	46128573	46128574	0.238712293877032
chr20	46231390	46231391	0.0796348953593159
chr20	50244756	50244757	0.006097732800868
chr20	50478479	50478480	0.051219810355898
chr20	50886414	50886415	4.04236697466387e-05
chr20	51484559	51484560	0.006097732800868
chr20	51700991	51700992	0.051219810355898
chr20	51747771	51747772	0.318957605580944
chr20	51934710	51934711	0.006097732800868
chr20	52748150	52748151	0.010947349453546
chr20	5157258	5157259	0.051219810355898
chr20	53176496	53176497	0.0001983498297928
chr20	53176497	53176498	0.0189786510199752
chr20	53176558	53176559	0.0004196676111481
chr20	53547738	53547739	0.238712293877032
chr20	54141302	54141303	0.051219810355898
chr20	54681432	54681433	0.006097732800868
chr20	561737	561738	0.171974242755742
chr20	56440109	56440110	0.0032820896246216
chr20	56440474	56440475	0.006097732800868
chr20	56865129	56865130	0.508715564308711
chr20	56958232	56958233	0.051219810355898
chr20	574707	574708	0.0008604282105759
chr20	57408016	57408017	0.0017082980966096
chr20	57576869	57576870	0.0032820896246216
chr20	58557937	58557938	0.051219810355898
chr20	58558137	58558138	0.010947349453546
chr20	58628917	58628918	0.0317495263254147
chr20	58628972	58628973	0.0032820896246216
chr20	58628991	58628992	0.0317495263254147
chr20	59455656	59455657	0.318957605580944
chr20	59455996	59455997	0.508715564308711
chr20	60340448	60340449	0.703194782716079
chr20	60993968	60993969	0.238712293877032
chr20	61295316	61295317	0.006097732800868
chr20	62210452	62210453	0.051219810355898
chr20	62857432	62857433	0.119262663111701
chr20	63427377	63427378	0.006097732800868
chr20	63649328	63649329	0.051219810355898
chr20	63972847	63972848	0.0001983498297928
chr20	64069738	64069739	1.7158545546957e-07
chr20	64070273	64070274	0.0004196676111481
chr20	723708	723709	0.119262663111701
chr20	723807	723808	0.410360692892148
chr20	724054	724055	0.0317495263254147
chr20	7984394	7984395	0.0001983498297928
chr20	9468299	9468300	0.0017082980966096
chr20	972406	972407	0.0796348953593159
chr20	972506	972507	0.119262663111701
chr21	15445618	15445619	1.7158545546957e-07
chr21	26082678	26082679	0.238712293877032
chr21	26121208	26121209	0.171974242755742
chr21	26919135	26919136	9.0903786488488e-05
chr21	27275539	27275540	0.119262663111701
chr21	27701093	27701094	0.318957605580944
chr21	28440025	28440026	0.006097732800868
chr21	28442883	28442884	0.119262663111701
chr21	30234797	30234798	0.119262663111701
chr21	32095346	32095347	0.0317495263254147
chr21	35940422	35940423	0.010947349453546
chr21	35940622	35940623	0.119262663111701
chr21	36435019	36435020	0.0796348953593159
chr21	36589872	36589873	0.608390429317942
chr21	37087424	37087425	0.0796348953593159
chr21	37700680	37700681	0.010947349453546
chr21	37712186	37712187	0.119262663111701
chr21	37871867	37871868	0.0032820896246216
chr21	37879298	37879299	0.006097732800868
chr21	38780447	38780448	0.0001983498297928
chr21	38824463	38824464	1.18351095952227e-06
chr21	38944977	38944978	0.0189786510199752
chr21	38955770	38955771	0.508715564308711
chr21	39097593	39097594	0.0032820896246216
chr21	39647930	39647931	0.0032820896246216
chr21	42369744	42369745	0.0796348953593159
chr21	42369789	42369790	0.608390429317942
chr21	42384303	42384304	0.238712293877032
chr21	42540108	42540109	0.006097732800868
chr21	42582884	42582885	0.051219810355898
chr21	42583247	42583248	0.0796348953593159
chr21	42583334	42583335	0.0796348953593159
chr21	42693000	42693001	0.0317495263254147
chr21	43760498	43760499	0.703194782716079
chr21	44220255	44220256	0.318957605580944
chr21	44220745	44220746	0.010947349453546
chr21	46536448	46536449	0.0032820896246216
chr22	17228880	17228881	0.0189786510199752
chr22	17228937	17228938	0.006097732800868
chr22	17229044	17229045	0.0317495263254147
chr22	17727642	17727643	0.0317495263254147
chr22	19111452	19111453	0.119262663111701
chr22	19632221	19632222	0.051219810355898
chr22	20568182	20568183	0.051219810355898
chr22	21009670	21009671	0.171974242755742
chr22	21073089	21073090	0.0004196676111481
chr22	21073287	21073288	0.238712293877032
chr22	23178906	23178907	0.0796348953593159
chr22	23192178	23192179	0.410360692892148
chr22	24827694	24827695	0.0189786510199752
chr22	24835440	24835441	0.410360692892148
chr22	24835454	24835455	0.0317495263254147
chr22	24835602	24835603	0.119262663111701
chr22	25009145	25009146	0.0001983498297928
chr22	26585074	26585075	0.318957605580944
chr22	27094765	27094766	0.010947349453546
chr22	27577302	27577303	0.0796348953593159
chr22	27577607	27577608	0.508715564308711
chr22	27602747	27602748	0.119262663111701
chr22	29055682	29055683	0.0001983498297928
chr22	29157966	29157967	0.0032820896246216
chr22	29158194	29158195	0.119262663111701
chr22	30184171	30184172	0.010947349453546
chr22	30279933	30279934	0.0189786510199752
chr22	30459686	30459687	0.0001983498297928
chr22	30459709	30459710	0.0032820896246216
chr22	30557307	30557308	0.006097732800868
chr22	30644417	30644418	0.010947349453546
chr22	31646745	31646746	0.0017082980966096
chr22	32512750	32512751	0.318957605580944
chr22	33105569	33105570	0.119262663111701
chr22	33105756	33105757	1.74527624723374e-05
chr22	33806296	33806297	0.0317495263254147
chr22	33806505	33806506	0.410360692892148
chr22	36498574	36498575	0.0317495263254147
chr22	36498605	36498606	0.0317495263254147
chr22	36554252	36554253	0.051219810355898
chr22	37342579	37342580	0.0317495263254147
chr22	37574858	37574859	0.0796348953593159
chr22	38415276	38415277	1.18351095952227e-06
chr22	38479543	38479544	0.010947349453546
chr22	42360490	42360491	0.010947349453546
chr22	43019574	43019575	0.318957605580944
chr22	43019704	43019705	0.508715564308711
chr22	43157410	43157411	0.171974242755742
chr22	43393210	43393211	0.0001983498297928
chr22	43993511	43993512	0.410360692892148
chr22	43993633	43993634	0.0008604282105759
chr22	44369644	44369645	0.238712293877032
chr22	44369813	44369814	0.171974242755742
chr22	44689403	44689404	0.0796348953593159
chr22	45188016	45188017	1.74527624723374e-05
chr22	45188030	45188031	0.0032820896246216
chr22	45188053	45188054	2.98458571542928e-06
chr22	46323156	46323157	0.238712293877032
chr22	46602246	46602247	0.171974242755742
chr22	46843121	46843122	0.119262663111701
chr22	49197920	49197921	0.171974242755742
chr22	49198087	49198088	0.410360692892148
chr2	100471134	100471135	0.0032820896246216
chr2	100870994	100870995	0.238712293877032
chr2	100871005	100871006	0.238712293877032
chr2	10119073	10119074	0.010947349453546
chr2	105406364	105406365	0.0796348953593159
chr2	105406534	105406535	0.0796348953593159
chr2	107326914	107326915	0.238712293877032
chr2	10745971	10745972	0.508715564308711
chr2	108982799	108982800	0.006097732800868
chr2	110173908	110173909	0.010947349453546
chr2	111626318	111626319	0.0017082980966096
chr2	112814779	112814780	0.238712293877032
chr2	118232042	118232043	0.608390429317942
chr2	119408231	119408232	0.238712293877032
chr2	120300835	120300836	0.006097732800868
chr2	120383483	120383484	0.0032820896246216
chr2	12106384	12106385	0.0317495263254147
chr2	12106613	12106614	0.0317495263254147
chr2	12106630	12106631	0.0317495263254147
chr2	12106688	12106689	0.0317495263254147
chr2	123958043	123958044	0.171974242755742
chr2	123958210	123958211	0.238712293877032
chr2	12449081	12449082	0.318957605580944
chr2	127173399	127173400	0.410360692892148
chr2	127860871	127860872	0.0008604282105759
chr2	130767417	130767418	0.318957605580944
chr2	134782975	134782976	0.0008604282105759
chr2	138846404	138846405	0.318957605580944
chr2	139123214	139123215	0.171974242755742
chr2	139992398	139992399	0.006097732800868
chr2	142981078	142981079	0.0032820896246216
chr2	150610728	150610729	0.119262663111701
chr2	15666036	15666037	0.238712293877032
chr2	15809309	15809310	0.508715564308711
chr2	159960731	159960732	0.238712293877032
chr2	160575092	160575093	0.010947349453546
chr2	16225680	16225681	0.119262663111701
chr2	166764424	166764425	0.119262663111701
chr2	168116591	168116592	0.0017082980966096
chr2	168119659	168119660	0.006097732800868
chr2	168551165	168551166	0.0796348953593159
chr2	170966065	170966066	0.119262663111701
chr2	171564744	171564745	0.0004196676111481
chr2	171798586	171798587	1.7158545546957e-07
chr2	173997720	173997721	0.010947349453546
chr2	1770057	1770058	0.010947349453546
chr2	177671193	177671194	0.0317495263254147
chr2	1790036	1790037	0.318957605580944
chr2	181104981	181104982	6.27978306910122e-08
chr2	185979851	185979852	0.857262027006661
chr2	191521795	191521796	0.0189786510199752
chr2	197300396	197300397	2.23991353263503e-08
chr2	197615347	197615348	2.23991353263503e-08
chr2	198310160	198310161	0.0796348953593159
chr2	199224129	199224130	8.74999150070675e-10
chr2	200353101	200353102	0.0796348953593159
chr2	200454253	200454254	0.0008604282105759
chr2	204479957	204479958	0.051219810355898
chr2	20365361	20365362	0.0189786510199752
chr2	20401801	20401802	0.006097732800868
chr2	206164573	206164574	0.010947349453546
chr2	207833659	207833660	0.0317495263254147
chr2	208015738	208015739	0.0317495263254147
chr2	211068	211069	0.010947349453546
chr2	219352701	219352702	0.119262663111701
chr2	219403014	219403015	0.508715564308711
chr2	220365118	220365119	1.74527624723374e-05
chr2	220365200	220365201	0.0317495263254147
chr2	220365445	220365446	0.0008604282105759
chr2	223994032	223994033	0.0317495263254147
chr2	227191501	227191502	0.0796348953593159
chr2	227191651	227191652	0.318957605580944
chr2	227661383	227661384	0.0189786510199752
chr2	230575839	230575840	0.119262663111701
chr2	231179939	231179940	0.006097732800868
chr2	231179969	231179970	0.318957605580944
chr2	231180033	231180034	0.238712293877032
chr2	231180349	231180350	0.0032820896246216
chr2	231347494	231347495	0.0317495263254147
chr2	231385686	231385687	0.0032820896246216
chr2	231541745	231541746	0.0317495263254147
chr2	231541767	231541768	0.0017082980966096
chr2	233415	233416	0.0317495263254147
chr2	236309580	236309581	0.787494743139936
chr2	237460107	237460108	0.0189786510199752
chr2	237471628	237471629	0.010947349453546
chr2	238115538	238115539	0.318957605580944
chr2	239116990	239116991	0.010947349453546
chr2	239934641	239934642	0.608390429317942
chr2	239934884	239934885	0.171974242755742
chr2	25445822	25445823	0.119262663111701
chr2	26292744	26292745	0.410360692892148
chr2	26469447	26469448	0.703194782716079
chr2	26559752	26559753	0.006097732800868
chr2	27170161	27170162	2.7543551576525397e-11
chr2	29281925	29281926	0.119262663111701
chr2	29309524	29309525	0.0317495263254147
chr2	29478686	29478687	0.171974242755742
chr2	29902726	29902727	0.171974242755742
chr2	30692519	30692520	0.608390429317942
chr2	31334441	31334442	0.318957605580944
chr2	31334480	31334481	0.119262663111701
chr2	31382544	31382545	0.171974242755742
chr2	31382580	31382581	0.051219810355898
chr2	31382748	31382749	0.171974242755742
chr2	3169252	3169253	0.318957605580944
chr2	33038603	33038604	0.171974242755742
chr2	33522217	33522218	0.119262663111701
chr2	33810398	33810399	0.010947349453546
chr2	37005186	37005187	0.0001983498297928
chr2	37473119	37473120	0.119262663111701
chr2	38438881	38438882	0.171974242755742
chr2	41718210	41718211	0.318957605580944
chr2	42942285	42942286	0.051219810355898
chr2	43184680	43184681	0.051219810355898
chr2	43184893	43184894	0.051219810355898
chr2	43745568	43745569	0.238712293877032
chr2	45120004	45120005	0.0008604282105759
chr2	46179479	46179480	0.0017082980966096
chr2	46340136	46340137	0.0032820896246216
chr2	47249676	47249677	0.318957605580944
chr2	47249737	47249738	0.238712293877032
chr2	51001309	51001310	7.32030730029599e-06
chr2	51001345	51001346	2.98458571542928e-06
chr2	5250798	5250799	0.318957605580944
chr2	54860749	54860750	0.0001983498297928
chr2	5803953	5803954	2.98458571542928e-06
chr2	60948937	60948938	0.0008604282105759
chr2	62042743	62042744	0.0017082980966096
chr2	62461656	62461657	0.0317495263254147
chr2	64267778	64267779	0.0796348953593159
chr2	64855232	64855233	0.171974242755742
chr2	64978789	64978790	0.051219810355898
chr2	67642159	67642160	0.119262663111701
chr2	67642205	67642206	0.171974242755742
chr2	69376130	69376131	4.56697868334658e-07
chr2	706399	706400	0.119262663111701
chr2	706427	706428	0.410360692892148
chr2	71191040	71191041	0.0008604282105759
chr2	71282676	71282677	0.006097732800868
chr2	71496752	71496753	0.703194782716079
chr2	72766363	72766364	0.0032820896246216
chr2	72993008	72993009	0.0317495263254147
chr2	7190785	7190786	0.119262663111701
chr2	75596035	75596036	0.608390429317942
chr2	7693129	7693130	0.119262663111701
chr2	84840705	84840706	0.703194782716079
chr2	85106852	85106853	0.010947349453546
chr2	85107085	85107086	1.7158545546957e-07
chr2	8840889	8840890	0.0796348953593159
chr2	8986810	8986811	2.98458571542928e-06
chr2	9140015	9140016	9.0903786488488e-05
chr2	9175353	9175354	0.0317495263254147
chr2	9331954	9331955	0.0189786510199752
chr2	95017374	95017375	0.508715564308711
chr2	98647753	98647754	0.0001983498297928
chr3	10199538	10199539	0.0317495263254147
chr3	10238548	10238549	0.0017082980966096
chr3	10490871	10490872	0.238712293877032
chr3	10546684	10546685	0.0008604282105759
chr3	107884914	107884915	0.0004196676111481
chr3	10754497	10754498	0.410360692892148
chr3	112776320	112776321	0.051219810355898
chr3	113110409	113110410	0.0317495263254147
chr3	113110594	113110595	0.119262663111701
chr3	113867639	113867640	0.0796348953593159
chr3	113867928	113867929	0.0796348953593159
chr3	114093796	114093797	0.0796348953593159
chr3	117735974	117735975	1.74527624723374e-05
chr3	119832263	119832264	0.010947349453546
chr3	122536860	122536861	1.18351095952227e-06
chr3	122774829	122774830	0.010947349453546
chr3	123097024	123097025	0.0796348953593159
chr3	124468349	124468350	0.006097732800868
chr3	124521249	124521250	0.508715564308711
chr3	125166442	125166443	0.0317495263254147
chr3	125207501	125207502	0.119262663111701
chr3	125207792	125207793	0.0317495263254147
chr3	126156987	126156988	0.508715564308711
chr3	126216509	126216510	0.119262663111701
chr3	126527791	126527792	0.171974242755742
chr3	128385718	128385719	0.171974242755742
chr3	129327062	129327063	0.0008604282105759
chr3	132269042	132269043	0.0189786510199752
chr3	13190018	13190019	0.0017082980966096
chr3	132844021	132844022	0.0004196676111481
chr3	13218489	13218490	0.0796348953593159
chr3	134423250	134423251	0.0032820896246216
chr3	13496511	13496512	0.0317495263254147
chr3	13496553	13496554	0.006097732800868
chr3	136731750	136731751	8.30456958301947e-12
chr3	138332580	138332581	7.05981208409337e-13
chr3	139765088	139765089	0.171974242755742
chr3	140292889	140292890	0.119262663111701
chr3	141972564	141972565	0.051219810355898
chr3	143265679	143265680	0.171974242755742
chr3	143265868	143265869	0.171974242755742
chr3	143266257	143266258	0.0032820896246216
chr3	14285818	14285819	0.006097732800868
chr3	14538332	14538333	0.238712293877032
chr3	149449840	149449841	0.238712293877032
chr3	149480400	149480401	0.238712293877032
chr3	149480803	149480804	0.0032820896246216
chr3	149493724	149493725	0.0032820896246216
chr3	149493872	149493873	0.051219810355898
chr3	149574721	149574722	0.0017082980966096
chr3	150699450	150699451	7.32030730029599e-06
chr3	151283237	151283238	0.0796348953593159
chr3	15441198	15441199	0.171974242755742
chr3	15470734	15470735	0.010947349453546
chr3	15477754	15477755	0.010947349453546
chr3	156541388	156541389	0.318957605580944
chr3	156784310	156784311	0.006097732800868
chr3	157104716	157104717	0.0008604282105759
chr3	157493841	157493842	0.119262663111701
chr3	16113128	16113129	0.010947349453546
chr3	16147513	16147514	0.119262663111701
chr3	16399670	16399671	0.051219810355898
chr3	16399920	16399921	0.006097732800868
chr3	16483326	16483327	0.318957605580944
chr3	16546605	16546606	0.051219810355898
chr3	16546765	16546766	0.0189786510199752
chr3	167684655	167684656	0.006097732800868
chr3	170792925	170792926	0.119262663111701
chr3	17040084	17040085	0.0008604282105759
chr3	171646514	171646515	4.04236697466387e-05
chr3	177777842	177777843	0.119262663111701
chr3	177778125	177778126	0.0796348953593159
chr3	178971806	178971807	0.051219810355898
chr3	183924962	183924963	7.32030730029599e-06
chr3	183925005	183925006	4.56697868334658e-07
chr3	183925090	183925091	4.56697868334658e-07
chr3	184468830	184468831	0.238712293877032
chr3	184808162	184808163	0.119262663111701
chr3	185176856	185176857	4.04236697466387e-05
chr3	186254880	186254881	0.508715564308711
chr3	187264419	187264420	0.787494743139936
chr3	187679822	187679823	0.0004196676111481
chr3	190370143	190370144	0.238712293877032
chr3	195558790	195558791	0.119262663111701
chr3	19866900	19866901	0.119262663111701
chr3	20067053	20067054	0.171974242755742
chr3	20067151	20067152	0.051219810355898
chr3	20684250	20684251	0.238712293877032
chr3	23743568	23743569	0.010947349453546
chr3	23938948	23938949	0.006097732800868
chr3	25577322	25577323	0.787494743139936
chr3	28940672	28940673	0.0317495263254147
chr3	29869052	29869053	0.0796348953593159
chr3	31391342	31391343	0.051219810355898
chr3	39166892	39166893	0.238712293877032
chr3	39167013	39167014	0.0017082980966096
chr3	39167205	39167206	0.0017082980966096
chr3	40044716	40044717	0.410360692892148
chr3	41286690	41286691	0.0796348953593159
chr3	42257057	42257058	0.608390429317942
chr3	42526947	42526948	0.0189786510199752
chr3	42540187	42540188	0.318957605580944
chr3	45491731	45491732	0.010947349453546
chr3	46386698	46386699	0.0001983498297928
chr3	46394123	46394124	0.051219810355898
chr3	46497024	46497025	0.0017082980966096
chr3	46545557	46545558	0.318957605580944
chr3	47108778	47108779	0.0004196676111481
chr3	49249184	49249185	8.8985892125084e-19
chr3	52526004	52526005	5.5007059004919e-14
chr3	52879262	52879263	6.27978306910122e-08
chr3	52879386	52879387	1.18351095952227e-06
chr3	53232514	53232515	0.0017082980966096
chr3	55900272	55900273	0.0796348953593159
chr3	64322346	64322347	0.171974242755742
chr3	64322586	64322587	0.0796348953593159
chr3	64908902	64908903	0.010947349453546
chr3	64917152	64917153	0.171974242755742
chr3	65732598	65732599	0.0317495263254147
chr3	65732750	65732751	0.051219810355898
chr3	66638941	66638942	0.508715564308711
chr3	69145193	69145194	0.0796348953593159
chr3	69145448	69145449	0.238712293877032
chr3	69364522	69364523	0.0004196676111481
chr3	69364542	69364543	0.051219810355898
chr3	69364724	69364725	0.0004196676111481
chr3	69425350	69425351	0.0317495263254147
chr3	73580335	73580336	0.508715564308711
chr3	73580816	73580817	0.0189786510199752
chr3	73602317	73602318	0.410360692892148
chr3	85821212	85821213	7.32030730029599e-06
chr3	87298315	87298316	0.0004196676111481
chr3	9226822	9226823	0.171974242755742
chr3	93969666	93969667	1.74527624723374e-05
chr4	10526601	10526602	0.051219810355898
chr4	106329500	106329501	0.010947349453546
chr4	108644447	108644448	0.703194782716079
chr4	108644578	108644579	0.703194782716079
chr4	108881272	108881273	4.04236697466387e-05
chr4	109027354	109027355	0.0317495263254147
chr4	109027483	109027484	0.119262663111701
chr4	11231133	11231134	0.0317495263254147
chr4	111884034	111884035	0.010947349453546
chr4	112508443	112508444	0.006097732800868
chr4	112508682	112508683	7.32030730029599e-06
chr4	114058070	114058071	0.006097732800868
chr4	11529689	11529690	0.238712293877032
chr4	11623963	11623964	0.0317495263254147
chr4	11766099	11766100	0.119262663111701
chr4	118765395	118765396	0.051219810355898
chr4	118765457	118765458	0.051219810355898
chr4	120156160	120156161	0.0796348953593159
chr4	122843352	122843353	0.119262663111701
chr4	123640667	123640668	0.0189786510199752
chr4	12845450	12845451	0.051219810355898
chr4	13532745	13532746	0.857262027006661
chr4	13532783	13532784	0.051219810355898
chr4	139761732	139761733	0.0032820896246216
chr4	140326601	140326602	0.0189786510199752
chr4	145710077	145710078	0.0796348953593159
chr4	145710254	145710255	0.0796348953593159
chr4	150038989	150038990	0.0004196676111481
chr4	150518816	150518817	0.0017082980966096
chr4	152735635	152735636	0.0317495263254147
chr4	152996669	152996670	0.119262663111701
chr4	15562414	15562415	0.238712293877032
chr4	155605093	155605094	0.238712293877032
chr4	16033010	16033011	0.0189786510199752
chr4	163588011	163588012	0.119262663111701
chr4	164700802	164700803	0.0017082980966096
chr4	169147598	169147599	7.32030730029599e-06
chr4	17476644	17476645	0.0317495263254147
chr4	174315111	174315112	0.0017082980966096
chr4	179626922	179626923	0.0189786510199752
chr4	181261498	181261499	0.608390429317942
chr4	183610255	183610256	0.238712293877032
chr4	1864630	1864631	0.006097732800868
chr4	186606663	186606664	0.006097732800868
chr4	186831939	186831940	0.0317495263254147
chr4	25567438	25567439	0.119262663111701
chr4	25880254	25880255	0.0317495263254147
chr4	2886713	2886714	2.82832608069679e-10
chr4	2886894	2886895	8.74999150070675e-10
chr4	36351215	36351216	0.0796348953593159
chr4	37802176	37802177	0.171974242755742
chr4	37802271	37802272	0.857262027006661
chr4	37802422	37802423	0.171974242755742
chr4	42048750	42048751	0.0001983498297928
chr4	42048800	42048801	0.0032820896246216
chr4	42568916	42568917	0.171974242755742
chr4	4456509	4456510	0.410360692892148
chr4	53119913	53119914	0.0317495263254147
chr4	55729969	55729970	0.910728744858846
chr4	57500064	57500065	0.318957605580944
chr4	6360455	6360456	0.508715564308711
chr4	67779954	67779955	0.238712293877032
chr4	7186621	7186622	0.119262663111701
chr4	7435331	7435332	0.608390429317942
chr4	7435636	7435637	0.119262663111701
chr4	767030	767031	4.04236697466387e-05
chr4	76179914	76179915	0.0317495263254147
chr4	7770447	7770448	0.0796348953593159
chr4	7770871	7770872	0.051219810355898
chr4	7815760	7815761	0.0189786510199752
chr4	78360595	78360596	0.0189786510199752
chr4	78360701	78360702	0.119262663111701
chr4	78360749	78360750	0.703194782716079
chr4	78667947	78667948	1.74527624723374e-05
chr4	82834270	82834271	0.0008604282105759
chr4	83751781	83751782	0.051219810355898
chr4	84814611	84814612	0.238712293877032
chr4	87556379	87556380	0.006097732800868
chr4	977477	977478	0.051219810355898
chr4	9765263	9765264	0.0796348953593159
chr4	9812831	9812832	0.171974242755742
chr5	104179304	104179305	0.608390429317942
chr5	107294531	107294532	0.0032820896246216
chr5	107499243	107499244	0.010947349453546
chr5	107499308	107499309	0.0317495263254147
chr5	108560624	108560625	0.010947349453546
chr5	108561105	108561106	0.051219810355898
chr5	10802430	10802431	0.051219810355898
chr5	10802636	10802637	0.0189786510199752
chr5	112333654	112333655	0.0032820896246216
chr5	112649860	112649861	0.0189786510199752
chr5	113084871	113084872	0.006097732800868
chr5	114783022	114783023	0.0004196676111481
chr5	115978423	115978424	0.0032820896246216
chr5	11719904	11719905	0.508715564308711
chr5	122099148	122099149	0.508715564308711
chr5	123000339	123000340	4.04236697466387e-05
chr5	123344972	123344973	4.56697868334658e-07
chr5	123752786	123752787	0.0017082980966096
chr5	125190900	125190901	0.508715564308711
chr5	125190979	125190980	0.0796348953593159
chr5	125191171	125191172	0.0317495263254147
chr5	126884398	126884399	0.948446724950322
chr5	129241857	129241858	0.508715564308711
chr5	129241963	129241964	0.410360692892148
chr5	130774026	130774027	0.318957605580944
chr5	132266472	132266473	6.27978306910122e-08
chr5	133328172	133328173	0.006097732800868
chr5	135304461	135304462	4.56697868334658e-07
chr5	135603433	135603434	0.318957605580944
chr5	135999539	135999540	0.238712293877032
chr5	136057507	136057508	0.0008604282105759
chr5	137017150	137017151	0.171974242755742
chr5	13658816	13658817	0.171974242755742
chr5	13658928	13658929	0.318957605580944
chr5	138077273	138077274	7.790085620634e-09
chr5	138082179	138082180	1.74527624723374e-05
chr5	138642174	138642175	0.0189786510199752
chr5	139486506	139486507	9.0903786488488e-05
chr5	140351646	140351647	9.0903786488488e-05
chr5	141669839	141669840	0.0189786510199752
chr5	14106026	14106027	0.318957605580944
chr5	14106061	14106062	0.238712293877032
chr5	141716185	141716186	0.119262663111701
chr5	141836744	141836745	0.006097732800868
chr5	142059792	142059793	9.0903786488488e-05
chr5	142059875	142059876	0.0001983498297928
chr5	14165990	14165991	0.119262663111701
chr5	142521834	142521835	0.0317495263254147
chr5	142521968	142521969	0.171974242755742
chr5	143141020	143141021	4.04236697466387e-05
chr5	143968103	143968104	0.318957605580944
chr5	143968197	143968198	0.318957605580944
chr5	145479681	145479682	0.0001983498297928
chr5	14570622	14570623	0.703194782716079
chr5	147224481	147224482	0.0189786510199752
chr5	148687773	148687774	0.0001983498297928
chr5	149634023	149634024	0.238712293877032
chr5	150214693	150214694	0.0004196676111481
chr5	150214816	150214817	0.0317495263254147
chr5	150619331	150619332	0.171974242755742
chr5	151298244	151298245	9.0903786488488e-05
chr5	151647401	151647402	0.0317495263254147
chr5	152124665	152124666	0.0017082980966096
chr5	15598519	15598520	0.238712293877032
chr5	15808028	15808029	0.0017082980966096
chr5	164422793	164422794	0.051219810355898
chr5	168426268	168426269	0.010947349453546
chr5	169582055	169582056	0.0317495263254147
chr5	169702279	169702280	0.051219810355898
chr5	170315641	170315642	0.051219810355898
chr5	171405632	171405633	0.0001983498297928
chr5	171406000	171406001	0.0017082980966096
chr5	171415353	171415354	0.0004196676111481
chr5	172045412	172045413	0.238712293877032
chr5	172365268	172365269	0.0008604282105759
chr5	17189609	17189610	0.857262027006661
chr5	172664146	172664147	0.608390429317942
chr5	172933030	172933031	0.0032820896246216
chr5	173282267	173282268	0.238712293877032
chr5	175202550	175202551	4.04236697466387e-05
chr5	175202623	175202624	0.119262663111701
chr5	175346985	175346986	0.703194782716079
chr5	175347281	175347282	0.171974242755742
chr5	175347499	175347500	0.410360692892148
chr5	177036113	177036114	0.508715564308711
chr5	178058053	178058054	0.508715564308711
chr5	179143912	179143913	0.0008604282105759
chr5	2164896	2164897	0.410360692892148
chr5	2352505	2352506	0.410360692892148
chr5	2352615	2352616	0.318957605580944
chr5	32490097	32490098	0.0008604282105759
chr5	32814921	32814922	9.0903786488488e-05
chr5	33068873	33068874	0.0317495263254147
chr5	33565031	33565032	0.119262663111701
chr5	33588911	33588912	0.171974242755742
chr5	34496358	34496359	0.006097732800868
chr5	35599301	35599302	0.171974242755742
chr5	35926238	35926239	0.608390429317942
chr5	36398274	36398275	0.171974242755742
chr5	36415261	36415262	0.0017082980966096
chr5	36415321	36415322	0.318957605580944
chr5	38926061	38926062	0.410360692892148
chr5	39570735	39570736	0.318957605580944
chr5	43212487	43212488	0.0796348953593159
chr5	43227917	43227918	1.74527624723374e-05
chr5	43401877	43401878	0.0317495263254147
chr5	497161	497162	0.0017082980966096
chr5	497508	497509	0.0001983498297928
chr5	498314	498315	1.74527624723374e-05
chr5	5165756	5165757	0.410360692892148
chr5	5165838	5165839	0.318957605580944
chr5	5298236	5298237	0.0032820896246216
chr5	5298399	5298400	0.318957605580944
chr5	54009911	54009912	0.010947349453546
chr5	55187419	55187420	0.410360692892148
chr5	57032091	57032092	0.410360692892148
chr5	57825414	57825415	0.0189786510199752
chr5	6400067	6400068	0.171974242755742
chr5	65203954	65203955	0.0004196676111481
chr5	65769623	65769624	0.0317495263254147
chr5	67898151	67898152	0.0317495263254147
chr5	68446876	68446877	0.0796348953593159
chr5	71482632	71482633	0.051219810355898
chr5	71883293	71883294	0.051219810355898
chr5	7322275	7322276	0.0317495263254147
chr5	74643439	74643440	0.119262663111701
chr5	74876642	74876643	0.410360692892148
chr5	74956550	74956551	0.010947349453546
chr5	76181375	76181376	0.0796348953593159
chr5	76181389	76181390	0.0796348953593159
chr5	77628307	77628308	0.0004196676111481
chr5	77628708	77628709	7.32030730029599e-06
chr5	7897169	7897170	0.0317495263254147
chr5	7897205	7897206	0.0032820896246216
chr5	873682	873683	0.0317495263254147
chr5	873885	873886	4.04236697466387e-05
chr5	9222698	9222699	0.010947349453546
chr5	94613898	94613899	0.0001983498297928
chr5	94613964	94613965	0.0032820896246216
chr5	94746512	94746513	0.051219810355898
chr5	96080971	96080972	0.0032820896246216
chr5	96566187	96566188	0.0189786510199752
chr6	100167775	100167776	6.27978306910122e-08
chr6	105698036	105698037	0.171974242755742
chr6	105698117	105698118	0.0796348953593159
chr6	105804467	105804468	0.051219810355898
chr6	105804500	105804501	0.171974242755742
chr6	105902849	105902850	0.051219810355898
chr6	106748576	106748577	0.238712293877032
chr6	106748913	106748914	0.010947349453546
chr6	106856571	106856572	0.238712293877032
chr6	107125335	107125336	1.7158545546957e-07
chr6	108748117	108748118	0.0001983498297928
chr6	108748287	108748288	0.0001983498297928
chr6	110549602	110549603	0.238712293877032
chr6	110619092	110619093	0.0017082980966096
chr6	111518262	111518263	0.0796348953593159
chr6	111610483	111610484	0.0032820896246216
chr6	111805839	111805840	0.010947349453546
chr6	111806135	111806136	0.0189786510199752
chr6	111858434	111858435	0.0017082980966096
chr6	111858728	111858729	0.006097732800868
chr6	112312342	112312343	0.703194782716079
chr6	116211101	116211102	0.119262663111701
chr6	117540884	117540885	0.703194782716079
chr6	118677592	118677593	0.051219810355898
chr6	122696946	122696947	0.119262663111701
chr6	125996451	125996452	0.010947349453546
chr6	129567543	129567544	0.238712293877032
chr6	130323010	130323011	0.0317495263254147
chr6	131996123	131996124	0.410360692892148
chr6	13408439	13408440	0.006097732800868
chr6	134293622	134293623	0.0189786510199752
chr6	134293891	134293892	0.006097732800868
chr6	135506534	135506535	6.27978306910122e-08
chr6	137013808	137013809	0.238712293877032
chr6	138336545	138336546	0.787494743139936
chr6	139439720	139439721	0.010947349453546
chr6	139656522	139656523	0.0017082980966096
chr6	1416613	1416614	0.0189786510199752
chr6	142746789	142746790	0.0189786510199752
chr6	143517295	143517296	0.051219810355898
chr6	14500322	14500323	0.703194782716079
chr6	14524356	14524357	0.0032820896246216
chr6	14661306	14661307	0.010947349453546
chr6	1486189	1486190	0.0189786510199752
chr6	149445824	149445825	0.0017082980966096
chr6	149445968	149445969	0.0008604282105759
chr6	150191921	150191922	0.171974242755742
chr6	150395751	150395752	0.318957605580944
chr6	150717718	150717719	0.010947349453546
chr6	150905949	150905950	0.0796348953593159
chr6	152643269	152643270	0.119262663111701
chr6	15493843	15493844	6.27978306910122e-08
chr6	154937843	154937844	0.0796348953593159
chr6	154938022	154938023	0.410360692892148
chr6	157094223	157094224	0.006097732800868
chr6	157607479	157607480	0.238712293877032
chr6	158041473	158041474	0.318957605580944
chr6	159828335	159828336	0.171974242755742
chr6	159842463	159842464	0.410360692892148
chr6	160262348	160262349	0.010947349453546
chr6	160765608	160765609	0.238712293877032
chr6	160765856	160765857	0.857262027006661
chr6	161749006	161749007	0.119262663111701
chr6	1636915	1636916	0.0189786510199752
chr6	1637025	1637026	0.0189786510199752
chr6	166260001	166260002	0.051219810355898
chr6	166854015	166854016	0.608390429317942
chr6	166854132	166854133	0.857262027006661
chr6	168107616	168107617	0.508715564308711
chr6	169022319	169022320	0.508715564308711
chr6	1725026	1725027	0.051219810355898
chr6	1917887	1917888	6.27978306910122e-08
chr6	1918027	1918028	9.0903786488488e-05
chr6	20529310	20529311	0.0001983498297928
chr6	20589530	20589531	0.0004196676111481
chr6	21371891	21371892	0.0008604282105759
chr6	21372402	21372403	0.0032820896246216
chr6	21922111	21922112	0.0001983498297928
chr6	21922476	21922477	0.0032820896246216
chr6	23548121	23548122	0.051219810355898
chr6	23548197	23548198	0.010947349453546
chr6	2379405	2379406	0.171974242755742
chr6	24601011	24601012	0.0017082980966096
chr6	25488354	25488355	8.74999150070675e-10
chr6	32955130	32955131	9.0903786488488e-05
chr6	33677337	33677338	2.98458571542928e-06
chr6	33758006	33758007	2.98458571542928e-06
chr6	33816105	33816106	0.0032820896246216
chr6	34324964	34324965	0.119262663111701
chr6	34325208	34325209	0.119262663111701
chr6	3516269	3516270	0.0008604282105759
chr6	35397187	35397188	0.0796348953593159
chr6	35397268	35397269	0.171974242755742
chr6	3549761	3549762	0.171974242755742
chr6	35737828	35737829	0.0001983498297928
chr6	3610146	3610147	0.318957605580944
chr6	3610609	3610610	0.318957605580944
chr6	36821770	36821771	0.006097732800868
chr6	36929986	36929987	0.0317495263254147
chr6	36977359	36977360	0.006097732800868
chr6	37524182	37524183	0.0796348953593159
chr6	37524559	37524560	0.006097732800868
chr6	37524655	37524656	0.051219810355898
chr6	37667782	37667783	0.0001983498297928
chr6	40077425	40077426	0.119262663111701
chr6	40805231	40805232	0.119262663111701
chr6	41626874	41626875	0.0032820896246216
chr6	41902185	41902186	1.99189597671742e-13
chr6	42075525	42075526	9.0903786488488e-05
chr6	43086362	43086363	9.0903786488488e-05
chr6	45896767	45896768	0.051219810355898
chr6	4599945	4599946	0.119262663111701
chr6	4600159	4600160	0.119262663111701
chr6	4600375	4600376	0.318957605580944
chr6	46045648	46045649	0.051219810355898
chr6	46655960	46655961	0.0317495263254147
chr6	47106147	47106148	0.006097732800868
chr6	4936628	4936629	0.010947349453546
chr6	5057164	5057165	0.0032820896246216
chr6	5143957	5143958	0.238712293877032
chr6	52621006	52621007	0.0796348953593159
chr6	53752931	53752932	0.006097732800868
chr6	54292126	54292127	0.0796348953593159
chr6	54336315	54336316	4.04236697466387e-05
chr6	5746709	5746710	0.318957605580944
chr6	6392830	6392831	0.238712293877032
chr6	6392869	6392870	0.119262663111701
chr6	6751825	6751826	8.92917108622675e-11
chr6	6893757	6893758	0.0032820896246216
chr6	6893990	6893991	0.948446724950322
chr6	7814097	7814098	0.0317495263254147
chr6	88183790	88183791	0.0032820896246216
chr6	89492311	89492312	0.051219810355898
chr6	89492657	89492658	0.0008604282105759
chr6	90458541	90458542	0.0796348953593159
chr6	90458817	90458818	0.318957605580944
chr6	92849087	92849088	0.0189786510199752
chr6	9413254	9413255	0.0004196676111481
chr6	99152206	99152207	0.0032820896246216
chr6	99333341	99333342	0.0032820896246216
chr7	100816763	100816764	1.74527624723374e-05
chr7	101435946	101435947	0.119262663111701
chr7	101535823	101535824	0.238712293877032
chr7	101563313	101563314	0.410360692892148
chr7	101563754	101563755	0.410360692892148
chr7	101564095	101564096	0.171974242755742
chr7	101564229	101564230	0.171974242755742
chr7	105141196	105141197	0.0189786510199752
chr7	105782803	105782804	0.171974242755742
chr7	106013284	106013285	0.119262663111701
chr7	106013420	106013421	0.010947349453546
chr7	107687869	107687870	0.703194782716079
chr7	107688091	107688092	0.703194782716079
chr7	108034777	108034778	0.0796348953593159
chr7	108181275	108181276	0.238712293877032
chr7	108181303	108181304	0.238712293877032
chr7	112496230	112496231	0.318957605580944
chr7	11557759	11557760	0.119262663111701
chr7	11557847	11557848	0.0189786510199752
chr7	116801534	116801535	8.74999150070675e-10
chr7	12389114	12389115	0.051219810355898
chr7	12389176	12389177	0.051219810355898
chr7	12653766	12653767	0.0017082980966096
chr7	127885984	127885985	7.790085620634e-09
chr7	127886184	127886185	0.119262663111701
chr7	127886425	127886426	0.0004196676111481
chr7	128715403	128715404	0.0032820896246216
chr7	128875791	128875792	0.0796348953593159
chr7	129865300	129865301	4.56697868334658e-07
chr7	131012784	131012785	0.051219810355898
chr7	131212258	131212259	0.0317495263254147
chr7	131431674	131431675	4.04236697466387e-05
chr7	1293609	1293610	0.006097732800868
chr7	134359882	134359883	0.318957605580944
chr7	134565569	134565570	0.051219810355898
chr7	134565951	134565952	0.171974242755742
chr7	134594437	134594438	0.171974242755742
chr7	135233855	135233856	0.006097732800868
chr7	135336476	135336477	9.0903786488488e-05
chr7	135363211	135363212	0.171974242755742
chr7	135563003	135563004	2.7543551576525397e-11
chr7	139688219	139688220	0.0004196676111481
chr7	139709874	139709875	0.410360692892148
chr7	141945439	141945440	0.171974242755742
chr7	151078218	151078219	9.0903786488488e-05
chr7	151172349	151172350	4.04236697466387e-05
chr7	151988420	151988421	0.910728744858846
chr7	155123140	155123141	0.0008604282105759
chr7	15461892	15461893	0.318957605580944
chr7	155515542	155515543	0.006097732800868
chr7	156988794	156988795	0.0017082980966096
chr7	158734954	158734955	0.051219810355898
chr7	158735042	158735043	0.010947349453546
chr7	158735208	158735209	0.006097732800868
chr7	16695960	16695961	0.508715564308711
chr7	17689804	17689805	0.0032820896246216
chr7	17770163	17770164	0.006097732800868
chr7	22066905	22066906	0.238712293877032
chr7	2190589	2190590	7.790085620634e-09
chr7	22488948	22488949	0.410360692892148
chr7	22488970	22488971	0.0189786510199752
chr7	22489042	22489043	0.0189786510199752
chr7	23349453	23349454	0.0001983498297928
chr7	24883409	24883410	0.508715564308711
chr7	28017483	28017484	0.0317495263254147
chr7	29231341	29231342	0.171974242755742
chr7	29254845	29254846	0.508715564308711
chr7	29297352	29297353	0.0032820896246216
chr7	29346726	29346727	0.0189786510199752
chr7	29346926	29346927	0.0189786510199752
chr7	29569904	29569905	0.608390429317942
chr7	29612598	29612599	0.608390429317942
chr7	29612646	29612647	0.608390429317942
chr7	30423354	30423355	0.508715564308711
chr7	30791465	30791466	0.171974242755742
chr7	30791527	30791528	0.0796348953593159
chr7	31488979	31488980	0.0189786510199752
chr7	31488993	31488994	0.006097732800868
chr7	32587168	32587169	0.0008604282105759
chr7	36207815	36207816	0.0008604282105759
chr7	36881379	36881380	0.171974242755742
chr7	38905483	38905484	0.010947349453546
chr7	39580872	39580873	0.0796348953593159
chr7	3995674	3995675	0.238712293877032
chr7	43296643	43296644	0.171974242755742
chr7	43456538	43456539	2.98458571542928e-06
chr7	4500803	4500804	0.318957605580944
chr7	4501055	4501056	0.0189786510199752
chr7	46930441	46930442	0.119262663111701
chr7	47181990	47181991	0.051219810355898
chr7	47600400	47600401	0.508715564308711
chr7	47733425	47733426	0.0189786510199752
chr7	47815357	47815358	0.787494743139936
chr7	48041497	48041498	0.171974242755742
chr7	48114240	48114241	0.171974242755742
chr7	48114675	48114676	0.410360692892148
chr7	5233295	5233296	0.171974242755742
chr7	54728749	54728750	0.703194782716079
chr7	54728806	54728807	0.608390429317942
chr7	54858472	54858473	0.0189786510199752
chr7	55593809	55593810	0.171974242755742
chr7	55593959	55593960	0.010947349453546
chr7	55594163	55594164	0.119262663111701
chr7	6071540	6071541	0.010947349453546
chr7	64625320	64625321	0.238712293877032
chr7	67041098	67041099	0.910728744858846
chr7	68058032	68058033	0.010947349453546
chr7	7100434	7100435	0.0796348953593159
chr7	74014340	74014341	0.119262663111701
chr7	74447976	74447977	0.119262663111701
chr7	74448081	74448082	0.0796348953593159
chr7	74526236	74526237	0.010947349453546
chr7	74526279	74526280	0.703194782716079
chr7	79282220	79282221	0.0189786510199752
chr7	79282315	79282316	0.051219810355898
chr7	80324206	80324207	0.119262663111701
chr7	8147463	8147464	0.0189786510199752
chr7	8201852	8201853	0.006097732800868
chr7	94190764	94190765	0.0796348953593159
chr7	95431000	95431001	0.410360692892148
chr7	95684257	95684258	0.508715564308711
chr7	95684351	95684352	0.508715564308711
chr7	98872500	98872501	0.0317495263254147
chr7	98872761	98872762	0.051219810355898
chr7	99271072	99271073	0.010947349453546
chr8	100457561	100457562	0.0032820896246216
chr8	100512726	100512727	0.318957605580944
chr8	100725216	100725217	0.0189786510199752
chr8	101889164	101889165	0.0317495263254147
chr8	102918214	102918215	0.0008604282105759
chr8	105092386	105092387	2.98458571542928e-06
chr8	10818986	10818987	2.7543551576525397e-11
chr8	10819064	10819065	0.0796348953593159
chr8	10991304	10991305	0.0796348953593159
chr8	11646469	11646470	0.010947349453546
chr8	121318230	121318231	0.0796348953593159
chr8	121318324	121318325	0.0004196676111481
chr8	123677606	123677607	0.508715564308711
chr8	125419742	125419743	0.0189786510199752
chr8	126410544	126410545	0.010947349453546
chr8	127802518	127802519	0.0796348953593159
chr8	127802782	127802783	1.74527624723374e-05
chr8	127877124	127877125	0.171974242755742
chr8	128016537	128016538	0.0032820896246216
chr8	130284520	130284521	1.7158545546957e-07
chr8	130802638	130802639	0.238712293877032
chr8	130802994	130802995	0.238712293877032
chr8	130803086	130803087	0.051219810355898
chr8	13354259	13354260	0.0189786510199752
chr8	132120832	132120833	0.508715564308711
chr8	134514073	134514074	0.171974242755742
chr8	138500747	138500748	1.7158545546957e-07
chr8	140559210	140559211	0.0001983498297928
chr8	140678872	140678873	2.0518071222169602e-19
chr8	141015050	141015051	0.171974242755742
chr8	142192010	142192011	0.006097732800868
chr8	143169497	143169498	2.98458571542928e-06
chr8	143248281	143248282	0.0017082980966096
chr8	143338759	143338760	1.74527624723374e-05
chr8	1508860	1508861	0.171974242755742
chr8	1695983	1695984	0.857262027006661
chr8	18118376	18118377	0.410360692892148
chr8	18538894	18538895	0.006097732800868
chr8	19813592	19813593	0.051219810355898
chr8	20192012	20192013	0.238712293877032
chr8	22237780	22237781	0.010947349453546
chr8	22921671	22921672	0.051219810355898
chr8	23014543	23014544	0.0004196676111481
chr8	23544556	23544557	4.56697868334658e-07
chr8	23544594	23544595	0.0796348953593159
chr8	23589957	23589958	9.0903786488488e-05
chr8	24192111	24192112	0.410360692892148
chr8	25872235	25872236	0.0004196676111481
chr8	25989754	25989755	0.0317495263254147
chr8	26636117	26636118	7.32030730029599e-06
chr8	28024585	28024586	0.238712293877032
chr8	28024702	28024703	0.318957605580944
chr8	28428553	28428554	0.238712293877032
chr8	28428824	28428825	0.410360692892148
chr8	29127442	29127443	0.410360692892148
chr8	29920530	29920531	0.238712293877032
chr8	31286266	31286267	0.318957605580944
chr8	31286457	31286458	0.410360692892148
chr8	31795604	31795605	9.0903786488488e-05
chr8	32223946	32223947	0.410360692892148
chr8	33334834	33334835	0.318957605580944
chr8	38740208	38740209	0.119262663111701
chr8	4066221	4066222	0.051219810355898
chr8	4066252	4066253	0.119262663111701
chr8	42803904	42803905	0.787494743139936
chr8	4542064	4542065	0.051219810355898
chr8	51663746	51663747	0.787494743139936
chr8	53953930	53953931	0.238712293877032
chr8	54431854	54431855	0.238712293877032
chr8	54525338	54525339	0.238712293877032
chr8	54758922	54758923	0.857262027006661
chr8	59122673	59122674	0.0317495263254147
chr8	60936526	60936527	4.04236697466387e-05
chr8	60950959	60950960	0.010947349453546
chr8	60951522	60951523	0.010947349453546
chr8	6331270	6331271	0.608390429317942
chr8	6934997	6934998	0.010947349453546
chr8	67795127	67795128	0.006097732800868
chr8	67820940	67820941	0.051219810355898
chr8	69748210	69748211	0.318957605580944
chr8	71811207	71811208	0.171974242755742
chr8	71834055	71834056	0.410360692892148
chr8	72774964	72774965	0.0796348953593159
chr8	794066	794067	0.318957605580944
chr8	80930950	80930951	0.119262663111701
chr8	81090636	81090637	0.857262027006661
chr8	82239220	82239221	0.0796348953593159
chr8	86558436	86558437	0.0317495263254147
chr8	86558499	86558500	0.0317495263254147
chr8	9030177	9030178	0.0004196676111481
chr8	9109095	9109096	9.0903786488488e-05
chr8	9109178	9109179	0.0032820896246216
chr8	90197556	90197557	0.0796348953593159
chr8	91318838	91318839	0.010947349453546
chr8	93960983	93960984	0.318957605580944
chr8	93961286	93961287	0.238712293877032
chr8	94018647	94018648	0.410360692892148
chr8	94045979	94045980	0.508715564308711
chr8	94975355	94975356	0.051219810355898
chr8	95758676	95758677	0.0317495263254147
chr8	95758847	95758848	0.410360692892148
chr8	96333361	96333362	0.0004196676111481
chr8	98471162	98471163	0.051219810355898
chr8	1048617	1048618	0.006097732800868
chr8	98913399	98913400	0.051219810355898
chr9	97419575	97419576	0.051219810355898
chr9	98314344	98314345	0.857262027006661
chr9	99109880	99109881	0.238712293877032
chr9	100028263	100028264	0.010947349453546
chr9	101537010	101537011	0.703194782716079
chr9	103715213	103715214	0.119262663111701
chr9	104743747	104743748	0.171974242755742
chr9	104743765	104743766	0.410360692892148
chr9	104792239	104792240	0.0008604282105759
chr9	105609055	105609056	0.238712293877032
chr9	106482896	106482897	9.0903786488488e-05
chr9	107337256	107337257	0.0008604282105759
chr9	107337275	107337276	0.006097732800868
chr9	108020283	108020284	0.006097732800868
chr9	108850709	108850710	9.0903786488488e-05
chr9	109455754	109455755	0.0032820896246216
chr9	110016145	110016146	0.171974242755742
chr9	112653976	112653977	0.0317495263254147
chr9	112819872	112819873	0.0317495263254147
chr9	113192688	113192689	0.051219810355898
chr9	113624973	113624974	0.0004196676111481
chr9	113963200	113963201	0.0189786510199752
chr9	113963438	113963439	0.0017082980966096
chr9	114096344	114096345	0.0317495263254147
chr9	114177339	114177340	0.0189786510199752
chr9	114271802	114271803	0.703194782716079
chr9	114403925	114403926	0.006097732800868
chr9	114403965	114403966	0.0001983498297928
chr9	114508023	114508024	0.119262663111701
chr9	115133905	115133906	0.0017082980966096
chr9	115134069	115134070	0.608390429317942
chr9	116377516	116377517	0.0796348953593159
chr9	117268974	117268975	0.119262663111701
chr9	117269085	117269086	0.608390429317942
chr9	117491628	117491629	0.0001983498297928
chr9	117718533	117718534	0.010947349453546
chr9	120776362	120776363	0.051219810355898
chr9	121948023	121948024	0.0001983498297928
chr9	122221845	122221846	0.0189786510199752
chr9	122261694	122261695	0.010947349453546
chr9	122262011	122262012	0.857262027006661
chr9	123299792	123299793	0.171974242755742
chr9	123386052	123386053	1.7158545546957e-07
chr9	126295975	126295976	0.238712293877032
chr9	126302318	126302319	1.18351095952227e-06
chr9	127459108	127459109	4.56697868334658e-07
chr9	129509602	129509603	0.508715564308711
chr9	130118255	130118256	0.051219810355898
chr9	130234595	130234596	0.010947349453546
chr9	130417605	130417606	0.0017082980966096
chr9	130771204	130771205	0.0189786510199752
chr9	130869284	130869285	9.0903786488488e-05
chr9	130869523	130869524	0.010947349453546
chr9	131137886	131137887	0.171974242755742
chr9	132894727	132894728	0.0796348953593159
chr9	132894746	132894747	0.0032820896246216
chr9	133974717	133974718	0.006097732800868
chr9	135692352	135692353	0.0317495263254147
chr9	136229893	136229894	7.790085620634e-09
chr9	136418266	136418267	2.98458571542928e-06
chr9	1429659	1429660	0.703194782716079
chr9	15333789	15333790	0.051219810355898
chr9	16252808	16252809	0.006097732800868
chr9	16486143	16486144	0.410360692892148
chr9	16825111	16825112	0.0001983498297928
chr9	17613835	17613836	0.010947349453546
chr9	1870196	1870197	0.171974242755742
chr9	18905526	18905527	0.006097732800868
chr9	21812720	21812721	4.04236697466387e-05
chr9	22030438	22030439	0.0004196676111481
chr9	2466508	2466509	0.0189786510199752
chr9	2614293	2614294	0.0317495263254147
chr9	27094935	27094936	0.0796348953593159
chr9	27095073	27095074	0.0189786510199752
chr9	27353600	27353601	0.238712293877032
chr9	29161219	29161220	0.703194782716079
chr9	29831269	29831270	0.910728744858846
chr9	33186789	33186790	0.238712293877032
chr9	34400582	34400583	0.0796348953593159
chr9	36748643	36748644	0.006097732800868
chr9	36974993	36974994	0.0189786510199752
chr9	36975110	36975111	0.0317495263254147
chr9	37908660	37908661	0.0317495263254147
chr9	4371338	4371339	0.318957605580944
chr9	5870702	5870703	0.171974242755742
chr9	5870986	5870987	0.410360692892148
chr9	6055530	6055531	0.006097732800868
chr9	6306092	6306093	0.010947349453546
chr9	6306293	6306294	0.0017082980966096
chr9	69878042	69878043	0.0189786510199752
chr9	70111680	70111681	0.0032820896246216
chr9	70609643	70609644	0.171974242755742
chr9	74379965	74379966	0.0001983498297928
chr9	811617	811618	0.318957605580944
chr9	81028494	81028495	0.0796348953593159
chr9	81028609	81028610	0.0032820896246216
chr9	8408802	8408803	0.508715564308711
chr9	83327425	83327426	0.318957605580944
chr9	84294634	84294635	0.010947349453546
chr9	84331501	84331502	0.703194782716079
chr9	84331691	84331692	0.051219810355898
chr9	87675020	87675021	0.0796348953593159
chr9	89699657	89699658	0.171974242755742
chr9	89699754	89699755	0.318957605580944
chr9	89699858	89699859	0.171974242755742
chr9	93241152	93241153	9.0903786488488e-05
chr9	93861170	93861171	0.0796348953593159
