chr10	99395674	99395675	0.010947349453546
chr10	99782820	99782821	0.0008604282105759
chr10	100020856	100020857	0.0189786510199752
chr10	101001700	101001701	1.74527624723374e-05
chr10	101121035	101121036	0.0017082980966096
chr10	113073867	113073868	9.0903786488488e-05
chr10	116171165	116171166	0.0796348953593159
chr10	116171256	116171257	0.0796348953593159
chr10	116269101	116269102	0.0796348953593159
chr10	1200942	1200943	0.006097732800868
chr10	125035724	125035725	0.0317495263254147
chr10	125795394	125795395	0.0796348953593159
chr10	13299377	13299378	0.703194782716079
chr10	133318547	133318548	0.608390429317942
chr10	14951655	14951656	0.238712293877032
chr10	15201008	15201009	0.119262663111701
chr10	15201205	15201206	0.051219810355898
chr10	24344843	24344844	0.171974242755742
chr10	26448953	26448954	0.238712293877032
chr10	28089683	28089684	0.0796348953593159
chr10	28089828	28089829	0.318957605580944
chr10	28976445	28976446	0.410360692892148
chr10	30696140	30696141	0.0317495263254147
chr10	30696151	30696152	0.0796348953593159
chr10	33330633	33330634	0.0017082980966096
chr10	3886464	3886465	0.119262663111701
chr10	44294153	44294154	0.508715564308711
chr10	4533849	4533850	0.0008604282105759
chr10	4534047	4534048	0.119262663111701
chr10	4534073	4534074	0.171974242755742
chr10	4847577	4847578	0.238712293877032
chr10	4847952	4847953	0.0008604282105759
chr10	4948106	4948107	0.119262663111701
chr10	4948146	4948147	0.0032820896246216
chr10	5564685	5564686	0.410360692892148
chr10	58384278	58384279	0.0008604282105759
chr10	58384446	58384447	0.0317495263254147
chr10	68328467	68328468	0.787494743139936
chr10	68328867	68328868	0.010947349453546
chr10	69045624	69045625	0.0317495263254147
chr10	69045847	69045848	0.0032820896246216
chr10	69229400	69229401	0.010947349453546
chr10	69450011	69450012	0.0017082980966096
chr10	72098695	72098696	0.119262663111701
chr10	72098790	72098791	0.0008604282105759
chr10	73774729	73774730	2.98458571542928e-06
chr10	73998931	73998932	1.74527624723374e-05
chr10	75452408	75452409	0.0032820896246216
chr10	80739582	80739583	0.171974242755742
chr10	88131898	88131899	0.006097732800868
chr10	88131937	88131938	0.006097732800868
chr10	88132342	88132343	0.0008604282105759
chr10	92692672	92692673	2.82832608069679e-10
chr10	95422745	95422746	4.04236697466387e-05
chr11	100849376	100849377	0.119262663111701
chr11	103529359	103529360	0.0189786510199752
chr11	103529429	103529430	0.171974242755742
chr11	104581313	104581314	0.0317495263254147
chr11	10658211	10658212	0.0008604282105759
chr11	10743070	10743071	0.238712293877032
chr11	11156266	11156267	0.0317495263254147
chr11	114292720	114292721	0.0004196676111481
chr11	117072637	117072638	2.7543551576525397e-11
chr11	120347533	120347534	1.74527624723374e-05
chr11	120685308	120685309	0.006097732800868
chr11	12080203	12080204	0.0017082980966096
chr11	12080350	12080351	0.0317495263254147
chr11	12080532	12080533	0.0317495263254147
chr11	121644267	121644268	2.98458571542928e-06
chr11	122189271	122189272	0.508715564308711
chr11	123408198	123408199	0.318957605580944
chr11	128692202	128692203	1.74527624723374e-05
chr11	128727150	128727151	0.119262663111701
chr11	130434514	130434515	9.0903786488488e-05
chr11	132111811	132111812	0.0017082980966096
chr11	132111957	132111958	0.0017082980966096
chr11	134126583	134126584	0.0032820896246216
chr11	16111866	16111867	8.74999150070675e-10
chr11	19419492	19419493	0.318957605580944
chr11	19419679	19419680	0.410360692892148
chr11	2399269	2399270	0.238712293877032
chr11	32707657	32707658	0.171974242755742
chr11	38461233	38461234	0.608390429317942
chr11	3949140	3949141	0.010947349453546
chr11	3949181	3949182	0.051219810355898
chr11	3949319	3949320	0.0017082980966096
chr11	62665342	62665343	2.0942375497129102e-23
chr11	65169247	65169248	0.0001983498297928
chr11	65169338	65169339	1.74527624723374e-05
chr11	65169459	65169460	1.74527624723374e-05
chr11	66081784	66081785	2.23991353263503e-08
chr11	67644358	67644359	0.119262663111701
chr11	68317005	68317006	0.0001983498297928
chr11	744184	744185	0.006097732800868
chr11	75719904	75719905	0.010947349453546
chr11	7525854	7525855	0.0189786510199752
chr11	87037008	87037009	0.0032820896246216
chr11	87037097	87037098	0.171974242755742
chr11	90134703	90134704	0.0032820896246216
chr11	95153467	95153468	0.0001983498297928
chr11	95153641	95153642	0.0796348953593159
chr11	9923276	9923277	4.56697868334658e-07
chr11	99693938	99693939	0.0796348953593159
chr12	101052306	101052307	0.508715564308711
chr12	10098785	10098786	0.0796348953593159
chr12	10099341	10099342	0.051219810355898
chr12	106149168	106149169	0.0796348953593159
chr12	112117157	112117158	0.010947349453546
chr12	113104134	113104135	0.0001983498297928
chr12	113404116	113404117	0.0032820896246216
chr12	114681191	114681192	4.56697868334658e-07
chr12	114916373	114916374	0.0189786510199752
chr12	11839233	11839234	0.608390429317942
chr12	119781259	119781260	2.23991353263503e-08
chr12	121638010	121638011	1.74527624723374e-05
chr12	12351093	12351094	0.0032820896246216
chr12	127126449	127126450	0.051219810355898
chr12	130761826	130761827	0.0317495263254147
chr12	131774314	131774315	0.010947349453546
chr12	132492547	132492548	0.010947349453546
chr12	13534682	13534683	0.051219810355898
chr12	1822132	1822133	0.238712293877032
chr12	21529304	21529305	9.0903786488488e-05
chr12	26287764	26287765	7.32030730029599e-06
chr12	27515795	27515796	0.238712293877032
chr12	30753423	30753424	0.0001983498297928
chr12	3216237	3216238	0.508715564308711
chr12	3216291	3216292	0.508715564308711
chr12	3216376	3216377	0.051219810355898
chr12	3216498	3216499	0.608390429317942
chr12	42696898	42696899	0.0796348953593159
chr12	43285384	43285385	0.010947349453546
chr12	43989456	43989457	0.910728744858846
chr12	46964502	46964503	0.0032820896246216
chr12	46983948	46983949	0.0008604282105759
chr12	53441158	53441159	1.18351095952227e-06
chr12	53441250	53441251	4.56697868334658e-07
chr12	64404142	64404143	1.74527624723374e-05
chr12	6444693	6444694	0.171974242755742
chr12	6604469	6604470	8.74999150070675e-10
chr12	79560350	79560351	0.986990338640232
chr12	82708903	82708904	0.119262663111701
chr12	780735	780736	0.010947349453546
chr12	91109483	91109484	0.238712293877032
chr12	91180964	91180965	7.32030730029599e-06
chr12	93784721	93784722	8.92917108622675e-11
chr12	94676535	94676536	4.04236697466387e-05
chr12	95538704	95538705	0.171974242755742
chr12	95849281	95849282	0.010947349453546
chr13	101455956	101455957	0.410360692892148
chr13	101456120	101456121	0.0796348953593159
chr13	110247607	110247608	0.171974242755742
chr13	110247763	110247764	0.0189786510199752
chr13	21330684	21330685	0.0017082980966096
chr13	27147800	27147801	0.051219810355898
chr13	27383774	27383775	0.0004196676111481
chr13	33187127	33187128	0.119262663111701
chr13	33187272	33187273	0.0317495263254147
chr13	33187317	33187318	0.171974242755742
chr13	40072962	40072963	0.0317495263254147
chr13	44437247	44437248	0.051219810355898
chr13	63191226	63191227	0.010947349453546
chr14	102987715	102987716	0.318957605580944
chr14	103118336	103118337	0.238712293877032
chr14	20491607	20491608	0.010947349453546
chr14	20491710	20491711	0.0796348953593159
chr14	20491850	20491851	0.238712293877032
chr14	20857941	20857942	0.857262027006661
chr14	20858123	20858124	0.006097732800868
chr14	21043337	21043338	0.318957605580944
chr14	21043629	21043630	0.119262663111701
chr14	21478375	21478376	0.508715564308711
chr14	22003093	22003094	0.508715564308711
chr14	22536838	22536839	0.051219810355898
chr14	23252263	23252264	1.74527624723374e-05
chr14	25111136	25111137	0.0317495263254147
chr14	25111184	25111185	0.006097732800868
chr14	25111452	25111453	4.56697868334658e-07
chr14	30873928	30873929	0.051219810355898
chr14	30873964	30873965	0.318957605580944
chr14	30874832	30874833	0.051219810355898
chr14	32576187	32576188	0.0032820896246216
chr14	33307935	33307936	0.0317495263254147
chr14	33308195	33308196	4.04236697466387e-05
chr14	35354024	35354025	0.051219810355898
chr14	49972441	49972442	0.051219810355898
chr14	49972785	49972786	0.0189786510199752
chr14	53951692	53951693	0.0004196676111481
chr14	54730745	54730746	0.0189786510199752
chr14	55412966	55412967	0.0004196676111481
chr14	68550877	68550878	0.0008604282105759
chr14	73745413	73745414	0.0189786510199752
chr14	76473576	76473577	0.051219810355898
chr14	76474073	76474074	0.318957605580944
chr14	76715958	76715959	0.318957605580944
chr14	77158022	77158023	0.0796348953593159
chr14	87888633	87888634	0.051219810355898
chr14	92473864	92473865	0.171974242755742
chr14	92952606	92952607	0.0796348953593159
chr14	97410867	97410868	0.0008604282105759
chr15	101007197	101007198	0.0189786510199752
chr15	101007391	101007392	0.051219810355898
chr15	101007425	101007426	0.010947349453546
chr15	25670654	25670655	0.119262663111701
chr15	25861085	25861086	0.508715564308711
chr15	31978114	31978115	0.051219810355898
chr15	31978244	31978245	0.0189786510199752
chr15	33104568	33104569	0.238712293877032
chr15	34343167	34343168	0.0317495263254147
chr15	36545257	36545258	0.318957605580944
chr15	38253597	38253598	0.0032820896246216
chr15	38868809	38868810	0.910728744858846
chr15	38868945	38868946	0.948446724950322
chr15	39771765	39771766	0.508715564308711
chr15	40030258	40030259	0.0032820896246216
chr15	40030350	40030351	0.119262663111701
chr15	40932855	40932856	0.0189786510199752
chr15	45948514	45948515	0.238712293877032
chr15	48047308	48047309	0.119262663111701
chr15	49047020	49047021	7.32030730029599e-06
chr15	51244814	51244815	0.0004196676111481
chr15	52109735	52109736	0.0796348953593159
chr15	52109753	52109754	0.119262663111701
chr15	52221012	52221013	0.171974242755742
chr15	57060835	57060836	2.7543551576525397e-11
chr15	59354791	59354792	0.0017082980966096
chr15	62064186	62064187	0.410360692892148
chr15	63404939	63404940	0.171974242755742
chr15	65832993	65832994	0.0189786510199752
chr15	67100706	67100707	0.0004196676111481
chr15	67135675	67135676	9.0903786488488e-05
chr15	67135995	67135996	2.98458571542928e-06
chr15	70775245	70775246	0.119262663111701
chr15	73370972	73370973	0.0017082980966096
chr15	73966107	73966108	9.0903786488488e-05
chr15	77538290	77538291	1.7158545546957e-07
chr15	79971002	79971003	0.0032820896246216
chr15	79971063	79971064	0.0189786510199752
chr15	85748790	85748791	0.0032820896246216
chr15	89828315	89828316	0.051219810355898
chr15	90868425	90868426	1.58057711290069e-17
chr15	92510450	92510451	9.0903786488488e-05
chr16	10329773	10329774	0.238712293877032
chr16	10329811	10329812	0.0189786510199752
chr16	1076678	1076679	0.0017082980966096
chr16	11349566	11349567	2.82832608069679e-10
chr16	11965174	11965175	0.0004196676111481
chr16	11965180	11965181	0.0189786510199752
chr16	14545699	14545700	0.608390429317942
chr16	19396795	19396796	0.410360692892148
chr16	1900298	1900299	0.0796348953593159
chr16	1900477	1900478	0.051219810355898
chr16	1971103	1971104	0.0001983498297928
chr16	24994652	24994653	0.171974242755742
chr16	25856437	25856438	0.238712293877032
chr16	28539345	28539346	1.01333917527418e-22
chr16	31106091	31106092	8.8985892125084e-19
chr16	3075201	3075202	9.0903786488488e-05
chr16	3075425	3075426	0.051219810355898
chr16	3236117	3236118	0.238712293877032
chr16	3953052	3953053	0.010947349453546
chr16	4112758	4112759	9.0903786488488e-05
chr16	4217603	4217604	0.010947349453546
chr16	379950	379951	1.74527624723374e-05
chr16	380010	380011	0.0008604282105759
chr16	396361	396362	0.006097732800868
chr16	48613105	48613106	0.0004196676111481
chr16	53817391	53817392	0.0317495263254147
chr16	56685244	56685245	0.119262663111701
chr16	56685491	56685492	0.119262663111701
chr16	59170393	59170394	0.0001983498297928
chr16	64356242	64356243	0.171974242755742
chr16	67181416	67181417	0.0317495263254147
chr16	68287955	68287956	0.0189786510199752
chr16	68740008	68740009	0.0796348953593159
chr16	68740264	68740265	0.0796348953593159
chr16	68740379	68740380	9.0903786488488e-05
chr16	69385490	69385491	0.0004196676111481
chr16	73034615	73034616	1.74527624723374e-05
chr16	73034778	73034779	0.0017082980966096
chr16	74771769	74771770	0.119262663111701
chr16	78684054	78684055	0.787494743139936
chr16	78684071	78684072	0.508715564308711
chr16	78684129	78684130	0.703194782716079
chr16	78684697	78684698	0.0017082980966096
chr16	78685301	78685302	0.0796348953593159
chr16	78750335	78750336	0.238712293877032
chr16	83995950	83995951	4.04236697466387e-05
chr16	84608298	84608299	0.0017082980966096
chr16	88552880	88552881	4.04236697466387e-05
chr16	88553267	88553268	0.238712293877032
chr17	10099296	10099297	0.318957605580944
chr17	1259379	1259380	0.171974242755742
chr17	1259610	1259611	0.051219810355898
chr17	15513493	15513494	0.238712293877032
chr17	19652662	19652663	0.0317495263254147
chr17	20961699	20961700	0.0189786510199752
chr17	2485270	2485271	0.318957605580944
chr17	29348207	29348208	2.23991353263503e-08
chr17	30813167	30813168	9.0903786488488e-05
chr17	32265185	32265186	0.0017082980966096
chr17	38885752	38885753	0.508715564308711
chr17	39056670	39056671	0.010947349453546
chr17	3865384	3865385	0.006097732800868
chr17	41676423	41676424	0.051219810355898
chr17	42894422	42894423	0.0317495263254147
chr17	44345894	44345895	0.0317495263254147
chr17	44346296	44346297	0.0001983498297928
chr17	4395960	4395961	0.051219810355898
chr17	4500963	4500964	0.0317495263254147
chr17	46964712	46964713	2.44826375525797e-12
chr17	48051990	48051991	4.56697868334658e-07
chr17	48052399	48052400	2.7543551576525397e-11
chr17	4854302	4854303	0.0001983498297928
chr17	50062135	50062136	0.318957605580944
chr17	50063142	50063143	0.171974242755742
chr17	55437446	55437447	9.0903786488488e-05
chr17	5582464	5582465	0.006097732800868
chr17	57033348	57033349	0.0008604282105759
chr17	57473570	57473571	1.74527624723374e-05
chr17	58270744	58270745	0.051219810355898
chr17	58270868	58270869	0.006097732800868
chr17	59210092	59210093	7.32030730029599e-06
chr17	62725121	62725122	4.04236697466387e-05
chr17	63395458	63395459	1.74527624723374e-05
chr17	63702566	63702567	1.18351095952227e-06
chr17	64985214	64985215	0.318957605580944
chr17	65155432	65155433	0.119262663111701
chr17	67531852	67531853	0.171974242755742
chr17	68034192	68034193	0.238712293877032
chr17	68288493	68288494	0.0017082980966096
chr17	68288653	68288654	0.0017082980966096
chr17	7350339	7350340	0.0032820896246216
chr17	77098888	77098889	0.119262663111701
chr17	77099081	77099082	0.238712293877032
chr17	77212555	77212556	0.318957605580944
chr17	78121279	78121280	0.010947349453546
chr17	82882027	82882028	0.0317495263254147
chr17	9905954	9905955	0.0017082980966096
chr18	12415885	12415886	0.171974242755742
chr18	22557476	22557477	0.238712293877032
chr18	24027429	24027430	0.787494743139936
chr18	27922036	27922037	0.0317495263254147
chr18	2658279	2658280	0.010947349453546
chr18	32383149	32383150	0.171974242755742
chr18	32383344	32383345	0.171974242755742
chr18	3499768	3499769	0.0796348953593159
chr18	52190709	52190710	0.410360692892148
chr18	57838440	57838441	0.171974242755742
chr18	58268871	58268872	1.74527624723374e-05
chr18	61992549	61992550	0.238712293877032
chr18	67360420	67360421	0.238712293877032
chr18	67360742	67360743	0.0317495263254147
chr18	68797535	68797536	0.0796348953593159
chr18	830953	830954	0.703194782716079
chr18	831092	831093	0.0032820896246216
chr18	8937821	8937822	0.0796348953593159
chr18	9335744	9335745	0.051219810355898
chr18	9619806	9619807	0.0017082980966096
chr19	9945708	9945709	0.006097732800868
chr19	1018541	1018542	0.0032820896246216
chr19	10892185	10892186	2.6428466655381403e-09
chr19	11192130	11192131	0.0189786510199752
chr19	11420603	11420604	0.171974242755742
chr19	12779333	12779334	0.0017082980966096
chr19	15587884	15587885	0.171974242755742
chr19	17348615	17348616	0.508715564308711
chr19	17479471	17479472	4.04236697466387e-05
chr19	2064619	2064620	0.171974242755742
chr19	2610823	2610824	0.238712293877032
chr19	2889167	2889168	0.051219810355898
chr19	29493065	29493066	0.051219810355898
chr19	29493220	29493221	0.318957605580944
chr19	32691413	32691414	0.006097732800868
chr19	33078593	33078594	0.0017082980966096
chr19	35068569	35068570	7.32030730029599e-06
chr19	38304109	38304110	0.508715564308711
chr19	38304254	38304255	0.0796348953593159
chr19	38304518	38304519	0.410360692892148
chr19	39196951	39196952	0.318957605580944
chr19	39198174	39198175	0.171974242755742
chr19	39198260	39198261	0.171974242755742
chr19	41189898	41189899	0.119262663111701
chr19	4284599	4284600	0.171974242755742
chr19	43502859	43502860	0.0008604282105759
chr19	43782676	43782677	0.0004196676111481
chr19	43782829	43782830	1.74527624723374e-05
chr19	4785314	4785315	0.006097732800868
chr19	48490582	48490583	0.0189786510199752
chr19	48872418	48872419	0.0008604282105759
chr19	4976323	4976324	2.44826375525797e-12
chr19	49331746	49331747	0.119262663111701
chr19	49761972	49761973	0.119262663111701
chr19	49762291	49762292	0.119262663111701
chr19	51927485	51927486	0.318957605580944
chr19	52860884	52860885	0.010947349453546
chr19	53961143	53961144	0.0189786510199752
chr19	54470033	54470034	4.56697868334658e-07
chr19	5681971	5681972	0.318957605580944
chr19	58182050	58182051	0.318957605580944
chr19	660912	660913	0.238712293877032
chr19	661079	661080	0.0017082980966096
chr19	661780	661781	4.56697868334658e-07
chr19	6722010	6722011	0.0796348953593159
chr19	6722032	6722033	0.238712293877032
chr19	7159903	7159904	0.0317495263254147
chr19	752877	752878	0.0189786510199752
chr19	9536185	9536186	0.238712293877032
chr19	9536221	9536222	0.238712293877032
chr1	10065496	10065497	7.32030730029599e-06
chr1	10065706	10065707	0.010947349453546
chr1	10958707	10958708	0.171974242755742
chr1	115135324	115135325	0.0796348953593159
chr1	13782618	13782619	0.0001983498297928
chr1	145927839	145927840	0.119262663111701
chr1	15178885	15178886	0.051219810355898
chr1	155971156	155971157	8.74999150070675e-10
chr1	156367000	156367001	0.0317495263254147
chr1	156619657	156619658	0.508715564308711
chr1	160438049	160438050	0.0189786510199752
chr1	161994745	161994746	0.238712293877032
chr1	162004185	162004186	0.0796348953593159
chr1	167066464	167066465	4.04236697466387e-05
chr1	170146014	170146015	0.703194782716079
chr1	170410585	170410586	1.74527624723374e-05
chr1	170410631	170410632	0.318957605580944
chr1	173475936	173475937	0.171974242755742
chr1	175922485	175922486	0.119262663111701
chr1	177209571	177209572	0.508715564308711
chr1	178646078	178646079	0.608390429317942
chr1	179022354	179022355	0.410360692892148
chr1	179129885	179129886	0.0189786510199752
chr1	183048926	183048927	0.508715564308711
chr1	183842642	183842643	0.010947349453546
chr1	1960885	1960886	0.006097732800868
chr1	192158506	192158507	0.171974242755742
chr1	200410840	200410841	9.0903786488488e-05
chr1	19815426	19815427	0.238712293877032
chr1	202811401	202811402	0.171974242755742
chr1	203305807	203305808	1.74527624723374e-05
chr1	203306566	203306567	0.0017082980966096
chr1	204417334	204417335	1.74527624723374e-05
chr1	205658944	205658945	0.0796348953593159
chr1	206922205	206922206	0.119262663111701
chr1	20448856	20448857	0.0008604282105759
chr1	207751560	207751561	1.18351095952227e-06
chr1	209805431	209805432	9.0903786488488e-05
chr1	209806289	209806290	0.0001983498297928
chr1	212456592	212456593	6.27978306910122e-08
chr1	212665373	212665374	0.508715564308711
chr1	221620910	221620911	0.0008604282105759
chr1	221778078	221778079	0.0017082980966096
chr1	230110152	230110153	0.0004196676111481
chr1	231211729	231211730	0.010947349453546
chr1	235867340	235867341	0.006097732800868
chr1	235888637	235888638	0.0032820896246216
chr1	235999148	235999149	0.0317495263254147
chr1	23371123	23371124	1.58057711290069e-17
chr1	23601438	23601439	0.318957605580944
chr1	240608859	240608860	0.171974242755742
chr1	24419124	24419125	0.171974242755742
chr1	24419213	24419214	0.0317495263254147
chr1	24419714	24419715	0.0796348953593159
chr1	25744417	25744418	0.0317495263254147
chr1	28193649	28193650	0.0008604282105759
chr1	3011856	3011857	0.0189786510199752
chr1	3188711	3188712	0.0017082980966096
chr1	36486833	36486834	0.0317495263254147
chr1	38919413	38919414	0.171974242755742
chr1	39171137	39171138	9.0903786488488e-05
chr1	39196981	39196982	0.0004196676111481
chr1	40533138	40533139	0.119262663111701
chr1	40533229	40533230	0.051219810355898
chr1	41901316	41901317	9.0903786488488e-05
chr1	56437719	56437720	0.0008604282105759
chr1	58780908	58780909	0.119262663111701
chr1	7291373	7291374	0.010947349453546
chr1	76999145	76999146	0.238712293877032
chr1	85407553	85407554	9.0903786488488e-05
chr1	9232022	9232023	9.0903786488488e-05
chr1	96310151	96310152	0.006097732800868
chr20	10447311	10447312	0.010947349453546
chr20	11810359	11810360	0.0317495263254147
chr20	11810445	11810446	4.04236697466387e-05
chr20	19260831	19260832	0.238712293877032
chr20	19261035	19261036	0.0017082980966096
chr20	19692612	19692613	0.0008604282105759
chr20	19735448	19735449	0.508715564308711
chr20	19735584	19735585	0.508715564308711
chr20	23025689	23025690	0.0317495263254147
chr20	23025709	23025710	0.0317495263254147
chr20	23305265	23305266	0.171974242755742
chr20	25600787	25600788	0.0189786510199752
chr20	36146239	36146240	0.051219810355898
chr20	37277375	37277376	0.0032820896246216
chr20	44154871	44154872	0.051219810355898
chr20	44154904	44154905	0.051219810355898
chr20	48384614	48384615	0.318957605580944
chr20	49510638	49510639	0.010947349453546
chr20	50690207	50690208	0.0189786510199752
chr20	51311882	51311883	0.0317495263254147
chr20	51526383	51526384	0.051219810355898
chr20	53596513	53596514	0.006097732800868
chr20	53751360	53751361	0.0796348953593159
chr20	53751444	53751445	0.0317495263254147
chr20	611175	611176	0.0189786510199752
chr20	611825	611826	0.410360692892148
chr20	611880	611881	0.0032820896246216
chr20	612156	612157	0.010947349453546
chr20	6007448	6007449	1.7158545546957e-07
chr20	61388052	61388053	0.318957605580944
chr20	62797469	62797470	0.0189786510199752
chr21	14546392	14546393	0.006097732800868
chr21	20999613	20999614	0.410360692892148
chr21	21147261	21147262	0.0189786510199752
chr21	32772610	32772611	0.238712293877032
chr21	33212207	33212208	0.051219810355898
chr21	33212238	33212239	0.051219810355898
chr21	33950386	33950387	0.010947349453546
chr21	34510765	34510766	0.119262663111701
chr21	34996361	34996362	0.0189786510199752
chr21	41171609	41171610	0.010947349453546
chr21	41171735	41171736	0.119262663111701
chr21	42940169	42940170	0.119262663111701
chr21	43063137	43063138	0.0189786510199752
chr21	43413973	43413974	0.0189786510199752
chr21	44140262	44140263	0.508715564308711
chr21	44704877	44704878	0.608390429317942
chr21	44704965	44704966	0.006097732800868
chr22	17217282	17217283	0.703194782716079
chr22	19290285	19290286	0.857262027006661
chr22	19597148	19597149	0.010947349453546
chr22	20463520	20463521	0.119262663111701
chr22	20463979	20463980	0.051219810355898
chr22	20777865	20777866	0.010947349453546
chr22	23696659	23696660	0.787494743139936
chr22	26437219	26437220	0.171974242755742
chr22	27314381	27314382	0.051219810355898
chr22	27314741	27314742	0.410360692892148
chr22	28760459	28760460	8.30456958301947e-12
chr22	29908244	29908245	4.04236697466387e-05
chr22	35588002	35588003	0.006097732800868
chr22	37599444	37599445	0.0032820896246216
chr22	37626614	37626615	0.0001983498297928
chr22	39527682	39527683	9.0903786488488e-05
chr22	40203626	40203627	1.58057711290069e-17
chr22	41838932	41838933	2.7543551576525397e-11
chr22	41839347	41839348	1.18351095952227e-06
chr22	42072905	42072906	0.0017082980966096
chr22	46586987	46586988	0.119262663111701
chr22	46587847	46587848	0.0189786510199752
chr22	46588408	46588409	0.0001983498297928
chr22	49856028	49856029	1.74527624723374e-05
chr2	109349696	109349697	9.0903786488488e-05
chr2	11386352	11386353	0.171974242755742
chr2	11386589	11386590	0.0796348953593159
chr2	118852736	118852737	2.98458571542928e-06
chr2	12109622	12109623	0.119262663111701
chr2	122020092	122020093	0.0796348953593159
chr2	134118477	134118478	0.703194782716079
chr2	136281400	136281401	2.23991353263503e-08
chr2	149069062	149069063	0.0032820896246216
chr2	151290157	151290158	9.0903786488488e-05
chr2	155690142	155690143	0.0017082980966096
chr2	159185481	159185482	0.0796348953593159
chr2	159185571	159185572	0.0317495263254147
chr2	159185918	159185919	0.0032820896246216
chr2	167862051	167862052	0.410360692892148
chr2	169715603	169715604	0.051219810355898
chr2	171316353	171316354	6.27978306910122e-08
chr2	176764188	176764189	0.0008604282105759
chr2	17800416	17800417	0.0004196676111481
chr2	180016793	180016794	0.119262663111701
chr2	181124181	181124182	0.0032820896246216
chr2	195660679	195660680	7.32030730029599e-06
chr2	197092591	197092592	0.508715564308711
chr2	199980110	199980111	4.04236697466387e-05
chr2	201440421	201440422	0.0317495263254147
chr2	20196360	20196361	0.010947349453546
chr2	203498581	203498582	0.0008604282105759
chr2	205700775	205700776	0.0032820896246216
chr2	205701017	205701018	0.006097732800868
chr2	20507623	20507624	0.0032820896246216
chr2	218259498	218259499	6.47016811879658e-17
chr2	218367630	218367631	2.98458571542928e-06
chr2	230589638	230589639	0.508715564308711
chr2	234882050	234882051	0.010947349453546
chr2	23453160	23453161	0.0189786510199752
chr2	237669721	237669722	0.006097732800868
chr2	237669892	237669893	0.010947349453546
chr2	237669905	237669906	0.006097732800868
chr2	25664688	25664689	7.32030730029599e-06
chr2	26401974	26401975	0.0189786510199752
chr2	26402173	26402174	0.318957605580944
chr2	27087524	27087525	7.32030730029599e-06
chr2	28134402	28134403	1.18351095952227e-06
chr2	30346488	30346489	0.051219810355898
chr2	32166161	32166162	0.0008604282105759
chr2	33321541	33321542	0.0796348953593159
chr2	34105401	34105402	0.0008604282105759
chr2	36433845	36433846	0.0317495263254147
chr2	36650515	36650516	0.119262663111701
chr2	42795827	42795828	4.56697868334658e-07
chr2	42795863	42795864	1.18351095952227e-06
chr2	42796342	42796343	0.238712293877032
chr2	44470484	44470485	2.6428466655381403e-09
chr2	44544395	44544396	2.23991353263503e-08
chr2	44544641	44544642	2.23991353263503e-08
chr2	54081688	54081689	1.18351095952227e-06
chr2	67997611	67997612	0.119262663111701
chr2	70984684	70984685	4.04236697466387e-05
chr2	71001257	71001258	0.171974242755742
chr2	75711124	75711125	0.318957605580944
chr2	85326660	85326661	6.27978306910122e-08
chr2	85326956	85326957	1.74527624723374e-05
chr2	85785761	85785762	0.010947349453546
chr2	85785905	85785906	0.0317495263254147
chr2	97713588	97713589	4.56697868334658e-07
chr2	98087195	98087196	1.18351095952227e-06
chr3	100561835	100561836	0.006097732800868
chr3	107970362	107970363	1.18351095952227e-06
chr3	111732535	111732536	0.238712293877032
chr3	112013760	112013761	0.0796348953593159
chr3	112129137	112129138	0.0317495263254147
chr3	113278293	113278294	0.0189786510199752
chr3	113278706	113278707	0.051219810355898
chr3	11591828	11591829	0.0008604282105759
chr3	123587143	123587144	0.0001983498297928
chr3	124972625	124972626	0.0004196676111481
chr3	12508699	12508700	0.0017082980966096
chr3	12508735	12508736	0.0032820896246216
chr3	127761629	127761630	0.051219810355898
chr3	13276827	13276828	0.0001983498297928
chr3	13277159	13277160	0.0004196676111481
chr3	133572776	133572777	0.0032820896246216
chr3	134316164	134316165	0.006097732800868
chr3	136659572	136659573	0.006097732800868
chr3	136958221	136958222	0.0008604282105759
chr3	141940032	141940033	0.0004196676111481
chr3	141940398	141940399	0.0008604282105759
chr3	146132076	146132077	0.051219810355898
chr3	146132120	146132121	0.0796348953593159
chr3	146781513	146781514	9.0903786488488e-05
chr3	150449356	150449357	0.0004196676111481
chr3	152385955	152385956	4.56697868334658e-07
chr3	156483578	156483579	0.0032820896246216
chr3	156788559	156788560	1.7158545546957e-07
chr3	171306732	171306733	7.32030730029599e-06
chr3	184006283	184006284	2.98458571542928e-06
chr3	184692126	184692127	0.703194782716079
chr3	188585062	188585063	0.787494743139936
chr3	190424415	190424416	0.238712293877032
chr3	190566796	190566797	0.318957605580944
chr3	196110551	196110552	0.006097732800868
chr3	19889250	19889251	0.0317495263254147
chr3	19889677	19889678	0.119262663111701
chr3	21751389	21751390	0.0317495263254147
chr3	25662148	25662149	9.0903786488488e-05
chr3	29324672	29324673	0.0017082980966096
chr3	33203031	33203032	0.0001983498297928
chr3	37235182	37235183	4.04236697466387e-05
chr3	42036714	42036715	0.0017082980966096
chr3	4351101	4351102	0.051219810355898
chr3	57048323	57048324	0.006097732800868
chr3	58577423	58577424	0.010947349453546
chr3	62567537	62567538	0.0032820896246216
chr3	64094812	64094813	0.0317495263254147
chr3	64340795	64340796	0.171974242755742
chr3	6680356	6680357	0.0317495263254147
chr3	6680373	6680374	0.0317495263254147
chr3	69787784	69787785	1.74527624723374e-05
chr3	73409710	73409711	0.238712293877032
chr3	93844142	93844143	0.119262663111701
chr3	99645425	99645426	0.0004196676111481
chr4	99458990	99458991	0.119262663111701
chr4	11424196	11424197	0.318957605580944
chr4	11424409	11424410	0.0032820896246216
chr4	121978009	121978010	0.0317495263254147
chr4	122764908	122764909	0.238712293877032
chr4	123787147	123787148	0.0317495263254147
chr4	125639314	125639315	0.119262663111701
chr4	139172410	139172411	0.0008604282105759
chr4	139461391	139461392	0.238712293877032
chr4	143912379	143912380	0.051219810355898
chr4	145920394	145920395	0.010947349453546
chr4	147773018	147773019	0.703194782716079
chr4	148376522	148376523	0.171974242755742
chr4	153536175	153536176	0.051219810355898
chr4	159010869	159010870	0.0004196676111481
chr4	164978072	164978073	0.171974242755742
chr4	176195735	176195736	0.508715564308711
chr4	176195757	176195758	0.318957605580944
chr4	184355631	184355632	0.703194782716079
chr4	185142186	185142187	0.238712293877032
chr4	185345154	185345155	0.006097732800868
chr4	18689600	18689601	1.74527624723374e-05
chr4	186651918	186651919	0.0032820896246216
chr4	23933429	23933430	0.0008604282105759
chr4	24794945	24794946	0.051219810355898
chr4	3746114	3746115	0.0008604282105759
chr4	40629458	40629459	0.0189786510199752
chr4	40630590	40630591	0.0317495263254147
chr4	46125049	46125050	0.010947349453546
chr4	57038220	57038221	1.74527624723374e-05
chr4	68152449	68152450	0.857262027006661
chr4	7004670	7004671	0.051219810355898
chr4	7004813	7004814	0.010947349453546
chr4	74654254	74654255	0.006097732800868
chr4	76547042	76547043	0.238712293877032
chr4	76547440	76547441	0.238712293877032
chr4	78721262	78721263	0.006097732800868
chr4	79326187	79326188	0.0001983498297928
chr4	81422087	81422088	0.410360692892148
chr4	81422161	81422162	0.010947349453546
chr4	82043355	82043356	0.0189786510199752
chr4	84691421	84691422	0.857262027006661
chr4	84691583	84691584	0.051219810355898
chr4	87522317	87522318	9.0903786488488e-05
chr4	88107622	88107623	1.74527624723374e-05
chr4	88108099	88108100	0.508715564308711
chr4	89766355	89766356	0.508715564308711
chr4	930158	930159	0.0001983498297928
chr4	930491	930492	0.0008604282105759
chr4	96164841	96164842	0.608390429317942
chr5	111703885	111703886	1.74527624723374e-05
chr5	1181440	1181441	1.18351095952227e-06
chr5	122774897	122774898	4.04236697466387e-05
chr5	125373205	125373206	0.0189786510199752
chr5	126846169	126846170	0.0017082980966096
chr5	131282553	131282554	4.04236697466387e-05
chr5	131515244	131515245	9.0903786488488e-05
chr5	132260725	132260726	2.44826375525797e-12
chr5	135029305	135029306	0.0001983498297928
chr5	135029400	135029401	0.0008604282105759
chr5	138609620	138609621	0.410360692892148
chr5	138875205	138875206	4.04236697466387e-05
chr5	140807736	140807737	2.44826375525797e-12
chr5	141421140	141421141	0.0317495263254147
chr5	141496391	141496392	0.0317495263254147
chr5	147906490	147906491	0.238712293877032
chr5	147906753	147906754	0.051219810355898
chr5	149161340	149161341	0.171974242755742
chr5	154857133	154857134	0.051219810355898
chr5	154966426	154966427	0.0017082980966096
chr5	154966735	154966736	0.410360692892148
chr5	154966764	154966765	0.010947349453546
chr5	162275074	162275075	0.410360692892148
chr5	167359339	167359340	0.0189786510199752
chr5	16785494	16785495	0.010947349453546
chr5	168530049	168530050	0.0189786510199752
chr5	172646776	172646777	0.010947349453546
chr5	174693127	174693128	0.0017082980966096
chr5	177462528	177462529	4.56697868334658e-07
chr5	178449307	178449308	0.703194782716079
chr5	179766596	179766597	7.32030730029599e-06
chr5	3104468	3104469	0.238712293877032
chr5	32093456	32093457	0.119262663111701
chr5	43194034	43194035	0.0189786510199752
chr5	52786939	52786940	2.98458571542928e-06
chr5	58235610	58235611	0.0317495263254147
chr5	69331978	69331979	0.0032820896246216
chr5	72238725	72238726	0.051219810355898
chr5	72239026	72239027	7.32030730029599e-06
chr5	7261083	7261084	0.119262663111701
chr5	73486977	73486978	0.0189786510199752
chr5	74639580	74639581	0.318957605580944
chr5	75567215	75567216	0.051219810355898
chr5	78508905	78508906	1.7158545546957e-07
chr5	79807108	79807109	0.0317495263254147
chr5	80055911	80055912	0.051219810355898
chr5	82749732	82749733	0.0796348953593159
chr5	84688645	84688646	0.0189786510199752
chr5	93192602	93192603	1.7158545546957e-07
chr6	101396638	101396639	0.006097732800868
chr6	104956322	104956323	0.0008604282105759
chr6	108542228	108542229	0.0004196676111481
chr6	108737223	108737224	0.410360692892148
chr6	11263850	11263851	0.119262663111701
chr6	116616178	116616179	0.051219810355898
chr6	116616230	116616231	0.171974242755742
chr6	117498554	117498555	9.0903786488488e-05
chr6	130223615	130223616	0.238712293877032
chr6	13787083	13787084	0.006097732800868
chr6	13787345	13787346	0.006097732800868
chr6	139376566	139376567	7.32030730029599e-06
chr6	139974220	139974221	7.32030730029599e-06
chr6	14075281	14075282	0.119262663111701
chr6	142914114	142914115	7.32030730029599e-06
chr6	15088919	15088920	0.0017082980966096
chr6	15089077	15089078	0.0189786510199752
chr6	151276801	151276802	0.010947349453546
chr6	151276850	151276851	0.410360692892148
chr6	15246664	15246665	0.0001983498297928
chr6	15247161	15247162	0.0004196676111481
chr6	155154962	155154963	0.010947349453546
chr6	157613433	157613434	0.010947349453546
chr6	158034455	158034456	0.0017082980966096
chr6	160275886	160275887	0.410360692892148
chr6	160275901	160275902	0.051219810355898
chr6	165636630	165636631	4.04236697466387e-05
chr6	166309212	166309213	0.0017082980966096
chr6	166803747	166803748	0.0796348953593159
chr6	16947658	16947659	0.010947349453546
chr6	16948219	16948220	1.74527624723374e-05
chr6	17016168	17016169	0.006097732800868
chr6	21740006	21740007	0.0008604282105759
chr6	21740089	21740090	0.0004196676111481
chr6	2259093	2259094	0.010947349453546
chr6	26251372	26251373	0.0004196676111481
chr6	26383157	26383158	7.32030730029599e-06
chr6	26383230	26383231	7.32030730029599e-06
chr6	26555060	26555061	2.23991353263503e-08
chr6	32816842	32816843	8.74999150070675e-10
chr6	32816898	32816899	0.0001983498297928
chr6	32817005	32817006	7.32030730029599e-06
chr6	32817257	32817258	0.171974242755742
chr6	34064076	34064077	0.051219810355898
chr6	36676608	36676609	0.0796348953593159
chr6	36769721	36769722	0.0017082980966096
chr6	39224589	39224590	0.171974242755742
chr6	41286889	41286890	0.0001983498297928
chr6	41287002	41287003	0.051219810355898
chr6	41965815	41965816	2.44826375525797e-12
chr6	42010535	42010536	0.0008604282105759
chr6	42010673	42010674	0.0017082980966096
chr6	42200149	42200150	0.0189786510199752
chr6	42200231	42200232	0.0017082980966096
chr6	42877952	42877953	0.410360692892148
chr6	42878056	42878057	0.0001983498297928
chr6	52575060	52575061	0.010947349453546
chr6	5287676	5287677	0.857262027006661
chr6	65707186	65707187	0.910728744858846
chr6	65707490	65707491	0.997922854184908
chr6	79076927	79076928	4.04236697466387e-05
chr6	79868220	79868221	0.171974242755742
chr6	79868377	79868378	0.318957605580944
chr6	83047728	83047729	0.051219810355898
chr6	84897999	84898000	0.318957605580944
chr6	90287049	90287050	1.7158545546957e-07
chr7	112205717	112205718	0.0189786510199752
chr7	116227838	116227839	0.0189786510199752
chr7	122143819	122143820	0.0317495263254147
chr7	130367539	130367540	0.171974242755742
chr7	132688038	132688039	0.006097732800868
chr7	132688444	132688445	0.051219810355898
chr7	132688511	132688512	0.119262663111701
chr7	139036274	139036275	0.0008604282105759
chr7	140638852	140638853	0.0796348953593159
chr7	149670706	149670707	0.119262663111701
chr7	155235022	155235023	0.010947349453546
chr7	155235096	155235097	0.010947349453546
chr7	158696347	158696348	0.171974242755742
chr7	16905410	16905411	0.0001983498297928
chr7	22731536	22731537	0.0317495263254147
chr7	2299769	2299770	0.171974242755742
chr7	25892922	25892923	0.051219810355898
chr7	27864039	27864040	0.0189786510199752
chr7	27864210	27864211	0.0189786510199752
chr7	30727734	30727735	0.0796348953593159
chr7	41996745	41996746	0.0189786510199752
chr7	41996785	41996786	0.0796348953593159
chr7	42232360	42232361	4.04236697466387e-05
chr7	44189468	44189469	0.0004196676111481
chr7	44189632	44189633	0.0001983498297928
chr7	47937387	47937388	0.171974242755742
chr7	4770028	4770029	0.006097732800868
chr7	48087596	48087597	0.006097732800868
chr7	65374310	65374311	0.010947349453546
chr7	73308983	73308984	0.0004196676111481
chr7	74210284	74210285	0.508715564308711
chr7	75676253	75676254	0.0189786510199752
chr7	76297807	76297808	0.0796348953593159
chr7	77199957	77199958	0.006097732800868
chr7	82164919	82164920	0.119262663111701
chr7	8177391	8177392	0.0796348953593159
chr7	95470769	95470770	0.0032820896246216
chr8	100720119	100720120	0.0189786510199752
chr8	100720218	100720219	0.010947349453546
chr8	100908495	100908496	0.006097732800868
chr8	110848494	110848495	0.119262663111701
chr8	111680261	111680262	0.171974242755742
chr8	11861018	11861019	0.0796348953593159
chr8	120048644	120048645	0.010947349453546
chr8	123232409	123232410	0.0317495263254147
chr8	124138488	124138489	0.703194782716079
chr8	125648260	125648261	0.0796348953593159
chr8	129241040	129241041	0.119262663111701
chr8	129628254	129628255	4.04236697466387e-05
chr8	13367162	13367163	0.0317495263254147
chr8	13367261	13367262	0.0317495263254147
chr8	13367296	13367297	0.0001983498297928
chr8	13367355	13367356	0.0317495263254147
chr8	142725477	142725478	0.0001983498297928
chr8	144701246	144701247	9.0903786488488e-05
chr8	16717602	16717603	0.119262663111701
chr8	16780002	16780003	0.508715564308711
chr8	17013026	17013027	0.119262663111701
chr8	19682610	19682611	0.171974242755742
chr8	19682750	19682751	0.171974242755742
chr8	19682925	19682926	0.010947349453546
chr8	20201245	20201246	0.0796348953593159
chr8	22911540	22911541	0.006097732800868
chr8	23243393	23243394	1.18351095952227e-06
chr8	23243449	23243450	1.18351095952227e-06
chr8	26466114	26466115	0.0796348953593159
chr8	27262020	27262021	0.0004196676111481
chr8	27608797	27608798	0.006097732800868
chr8	28700109	28700110	6.27978306910122e-08
chr8	28700244	28700245	1.7158545546957e-07
chr8	29875136	29875137	0.010947349453546
chr8	30202343	30202344	0.0317495263254147
chr8	3187664	3187665	0.0796348953593159
chr8	3187707	3187708	0.318957605580944
chr8	30723059	30723060	0.703194782716079
chr8	33105332	33105333	0.0004196676111481
chr8	37795240	37795241	0.006097732800868
chr8	38682223	38682224	0.006097732800868
chr8	41950577	41950578	2.98458571542928e-06
chr8	42592312	42592313	0.0317495263254147
chr8	51526467	51526468	0.0317495263254147
chr8	70215715	70215716	0.051219810355898
chr8	71357138	71357139	0.238712293877032
chr8	78232558	78232559	0.0008604282105759
chr8	79611300	79611301	0.0017082980966096
chr8	80147278	80147279	0.010947349453546
chr8	80147322	80147323	0.0004196676111481
chr8	8648893	8648894	0.0004196676111481
chr8	8648990	8648991	0.0004196676111481
chr8	89837076	89837077	0.608390429317942
chr9	108933326	108933327	7.32030730029599e-06
chr9	108933933	108933934	0.0796348953593159
chr9	108934773	108934774	0.010947349453546
chr9	110254604	110254605	0.0017082980966096
chr9	110254635	110254636	0.608390429317942
chr9	112654331	112654332	0.0032820896246216
chr9	112764902	112764903	0.006097732800868
chr9	113351115	113351116	0.608390429317942
chr9	114691387	114691388	0.0317495263254147
chr9	128073500	128073501	0.051219810355898
chr9	129335780	129335781	0.238712293877032
chr9	131628422	131628423	0.410360692892148
chr9	135708031	135708032	0.0317495263254147
chr9	19551335	19551336	0.010947349453546
chr9	2012766	2012767	0.0017082980966096
chr9	20625228	20625229	0.0001983498297928
chr9	21681671	21681672	0.010947349453546
chr9	21682141	21682142	0.051219810355898
chr9	2701428	2701429	0.410360692892148
chr9	27489252	27489253	0.0189786510199752
chr9	37302648	37302649	0.010947349453546
chr9	70480969	70480970	4.56697868334658e-07
chr9	70869004	70869005	0.171974242755742
chr9	71285334	71285335	9.0903786488488e-05
chr9	76519517	76519518	0.010947349453546
chr9	76610342	76610343	0.0317495263254147
chr9	76610411	76610412	0.171974242755742
chr9	81771796	81771797	0.0001983498297928
chr9	87714865	87714866	0.051219810355898
chr9	89549370	89549371	0.0189786510199752
chr9	89695741	89695742	0.318957605580944
chr9	89695895	89695896	0.787494743139936
chr9	89695992	89695993	0.608390429317942
chr9	90107087	90107088	0.948446724950322
chr9	91426103	91426104	0.508715564308711
