chr10	101380900	101380901	2.98458571542928e-06
chr10	103467736	103467737	0.0317495263254147
chr10	104492441	104492442	0.608390429317942
chr10	110557178	110557179	0.0189786510199752
chr10	110803043	110803044	0.508715564308711
chr10	114280241	114280242	0.857262027006661
chr10	11719810	11719811	0.0317495263254147
chr10	11719898	11719899	0.0189786510199752
chr10	119450137	119450138	0.0004196676111481
chr10	119450310	119450311	0.0008604282105759
chr10	120586552	120586553	0.410360692892148
chr10	120586830	120586831	0.010947349453546
chr10	120645268	120645269	0.608390429317942
chr10	120645501	120645502	0.608390429317942
chr10	12253339	12253340	0.0796348953593159
chr10	122442148	122442149	0.006097732800868
chr10	122850510	122850511	0.051219810355898
chr10	123392095	123392096	1.18351095952227e-06
chr10	123392418	123392419	0.787494743139936
chr10	123573314	123573315	0.238712293877032
chr10	123573689	123573690	0.238712293877032
chr10	12785660	12785661	0.410360692892148
chr10	12785690	12785691	0.0317495263254147
chr10	126867670	126867671	0.119262663111701
chr10	126867840	126867841	0.119262663111701
chr10	131242115	131242116	0.703194782716079
chr10	131641361	131641362	0.051219810355898
chr10	131641741	131641742	0.010947349453546
chr10	13415099	13415100	0.0004196676111481
chr10	13945998	13945999	9.0903786488488e-05
chr10	13987741	13987742	0.010947349453546
chr10	14713319	14713320	0.051219810355898
chr10	17218290	17218291	0.0017082980966096
chr10	23053229	23053230	0.238712293877032
chr10	28411931	28411932	0.857262027006661
chr10	28593151	28593152	0.0004196676111481
chr10	28735200	28735201	0.0189786510199752
chr10	29026401	29026402	0.051219810355898
chr10	29026422	29026423	0.0796348953593159
chr10	29240208	29240209	0.171974242755742
chr10	29583019	29583020	0.238712293877032
chr10	30829166	30829167	0.006097732800868
chr10	33927509	33927510	0.0796348953593159
chr10	33927587	33927588	0.410360692892148
chr10	33927824	33927825	0.051219810355898
chr10	34288768	34288769	0.0189786510199752
chr10	34978438	34978439	9.0903786488488e-05
chr10	3899147	3899148	0.410360692892148
chr10	4174318	4174319	0.051219810355898
chr10	43110411	43110412	0.0317495263254147
chr10	4733710	4733711	0.051219810355898
chr10	48497592	48497593	0.703194782716079
chr10	49165786	49165787	0.972770075524967
chr10	49166125	49166126	0.0032820896246216
chr10	49166140	49166141	0.006097732800868
chr10	49173185	49173186	7.32030730029599e-06
chr10	49173875	49173876	0.0004196676111481
chr10	49173992	49173993	0.0032820896246216
chr10	49419359	49419360	0.238712293877032
chr10	49679453	49679454	0.0017082980966096
chr10	50407681	50407682	0.0317495263254147
chr10	6365497	6365498	0.051219810355898
chr10	6365774	6365775	0.171974242755742
chr10	63976844	63976845	0.0317495263254147
chr10	67306675	67306676	0.010947349453546
chr10	69650557	69650558	0.0317495263254147
chr10	70596049	70596050	0.0796348953593159
chr10	70742797	70742798	0.171974242755742
chr10	7264420	7264421	0.0032820896246216
chr10	71648786	71648787	0.051219810355898
chr10	76103296	76103297	9.0903786488488e-05
chr10	78960107	78960108	0.171974242755742
chr10	79117332	79117333	0.608390429317942
chr10	79158814	79158815	0.010947349453546
chr10	83013320	83013321	0.171974242755742
chr10	84179794	84179795	0.051219810355898
chr10	84179794	84179795	0.508715564308711
chr10	84341821	84341822	0.010947349453546
chr10	84588198	84588199	0.0189786510199752
chr10	86139196	86139197	0.410360692892148
chr10	93161307	93161308	0.410360692892148
chr10	94108362	94108363	0.318957605580944
chr10	95236213	95236214	0.0001983498297928
chr10	96448529	96448530	0.0317495263254147
chr10	97026018	97026019	0.171974242755742
chr10	97518421	97518422	9.0903786488488e-05
chr10	97518511	97518512	9.0903786488488e-05
chr11	101446583	101446584	0.051219810355898
chr11	101721469	101721470	0.0017082980966096
chr11	10511508	10511509	0.410360692892148
chr11	10511625	10511626	0.410360692892148
chr11	1073377	1073378	0.0317495263254147
chr11	1073711	1073712	0.410360692892148
chr11	110366573	110366574	0.787494743139936
chr11	11148260	11148261	0.0032820896246216
chr11	112795530	112795531	0.318957605580944
chr11	114285595	114285596	0.0001983498297928
chr11	119759708	119759709	0.051219810355898
chr11	11980039	11980040	7.32030730029599e-06
chr11	120548508	120548509	0.508715564308711
chr11	12138493	12138494	0.006097732800868
chr11	12138506	12138507	0.051219810355898
chr11	121896179	121896180	0.171974242755742
chr11	126412001	126412002	2.98458571542928e-06
chr11	128095875	128095876	0.0032820896246216
chr11	132114372	132114373	7.32030730029599e-06
chr11	132114435	132114436	0.0008604282105759
chr11	132114658	132114659	0.010947349453546
chr11	132140222	132140223	0.0796348953593159
chr11	13332816	13332817	0.119262663111701
chr11	134542844	134542845	0.0008604282105759
chr11	134542879	134542880	0.508715564308711
chr11	134868990	134868991	0.119262663111701
chr11	134869036	134869037	0.119262663111701
chr11	17532158	17532159	0.703194782716079
chr11	2513252	2513253	0.0317495263254147
chr11	33634835	33634836	0.948446724950322
chr11	34215342	34215343	0.703194782716079
chr11	35272638	35272639	0.010947349453546
chr11	35550365	35550366	9.0903786488488e-05
chr11	41784987	41784988	0.508715564308711
chr11	41785139	41785140	0.171974242755742
chr11	42974836	42974837	0.508715564308711
chr11	50174202	50174203	0.999999963587187
chr11	58076033	58076034	0.0317495263254147
chr11	58076136	58076137	0.0796348953593159
chr11	60169283	60169284	0.318957605580944
chr11	60169505	60169506	0.318957605580944
chr11	61700692	61700693	0.010947349453546
chr11	62393851	62393852	0.0796348953593159
chr11	63599585	63599586	0.0317495263254147
chr11	65802933	65802934	2.7543551576525397e-11
chr11	65803045	65803046	8.30456958301947e-12
chr11	68344203	68344204	0.006097732800868
chr11	68344291	68344292	0.0796348953593159
chr11	69442130	69442131	9.0903786488488e-05
chr11	71343783	71343784	0.171974242755742
chr11	71343979	71343980	0.608390429317942
chr11	75544077	75544078	0.0796348953593159
chr11	77299776	77299777	0.119262663111701
chr11	77322653	77322654	0.0017082980966096
chr11	77322662	77322663	0.006097732800868
chr11	78957784	78957785	0.238712293877032
chr11	8057156	8057157	0.318957605580944
chr11	838541	838542	9.0903786488488e-05
chr11	838671	838672	0.006097732800868
chr11	838721	838722	6.27978306910122e-08
chr11	84674022	84674023	0.0796348953593159
chr11	86497377	86497378	0.0004196676111481
chr11	86497571	86497572	0.318957605580944
chr11	86497601	86497602	0.0004196676111481
chr11	86571636	86571637	0.508715564308711
chr11	86592093	86592094	0.0008604282105759
chr11	86592283	86592284	0.010947349453546
chr12	103647586	103647587	0.238712293877032
chr12	104577155	104577156	0.0189786510199752
chr12	104680260	104680261	0.171974242755742
chr12	107914612	107914613	0.410360692892148
chr12	109888647	109888648	0.0017082980966096
chr12	110043250	110043251	0.006097732800868
chr12	113861943	113861944	0.0008604282105759
chr12	11498260	11498261	0.238712293877032
chr12	116855835	116855836	0.051219810355898
chr12	116925360	116925361	1.18351095952227e-06
chr12	122180774	122180775	1.74527624723374e-05
chr12	122819397	122819398	4.04236697466387e-05
chr12	123900929	123900930	0.0017082980966096
chr12	12583184	12583185	0.238712293877032
chr12	127273119	127273120	0.051219810355898
chr12	127285099	127285100	0.0796348953593159
chr12	12745764	12745765	0.0004196676111481
chr12	129190877	129190878	0.051219810355898
chr12	129190905	129190906	0.0317495263254147
chr12	130050032	130050033	0.0796348953593159
chr12	131593274	131593275	0.0017082980966096
chr12	131593405	131593406	0.318957605580944
chr12	14936481	14936482	0.0317495263254147
chr12	19620311	19620312	0.410360692892148
chr12	26319784	26319785	0.051219810355898
chr12	26473704	26473705	0.010947349453546
chr12	28136338	28136339	0.0317495263254147
chr12	202782	202783	0.318957605580944
chr12	31206275	31206276	0.608390429317942
chr12	3171079	3171080	0.238712293877032
chr12	32650602	32650603	0.051219810355898
chr12	32650812	32650813	0.0032820896246216
chr12	3458444	3458445	0.051219810355898
chr12	39127571	39127572	0.010947349453546
chr12	42961700	42961701	0.010947349453546
chr12	47071298	47071299	0.051219810355898
chr12	4824196	4824197	0.318957605580944
chr12	4824273	4824274	0.0796348953593159
chr12	4824560	4824561	0.119262663111701
chr12	49910143	49910144	0.006097732800868
chr12	52534708	52534709	0.703194782716079
chr12	52708411	52708412	0.051219810355898
chr12	52814623	52814624	0.238712293877032
chr12	52814835	52814836	0.410360692892148
chr12	52814885	52814886	0.318957605580944
chr12	61781425	61781426	0.0032820896246216
chr12	62910666	62910667	0.0796348953593159
chr12	6570576	6570577	0.119262663111701
chr12	68240468	68240469	0.0008604282105759
chr12	69649609	69649610	0.0189786510199752
chr12	69649724	69649725	0.051219810355898
chr12	74022100	74022101	0.318957605580944
chr12	82665513	82665514	0.857262027006661
chr12	724763	724764	0.410360692892148
chr12	89394009	89394010	0.0001983498297928
chr12	92516396	92516397	0.0796348953593159
chr12	94726039	94726040	0.508715564308711
chr12	94954401	94954402	0.119262663111701
chr12	94994407	94994408	0.010947349453546
chr12	95098247	95098248	0.0008604282105759
chr12	95413066	95413067	0.0796348953593159
chr12	95413258	95413259	0.119262663111701
chr12	95740875	95740876	0.910728744858846
chr12	95826685	95826686	0.508715564308711
chr12	96263712	96263713	0.0796348953593159
chr13	101150453	101150454	4.04236697466387e-05
chr13	105443088	105443089	0.171974242755742
chr13	106064245	106064246	0.787494743139936
chr13	106418751	106418752	0.0189786510199752
chr13	106418893	106418894	0.0317495263254147
chr13	109148535	109148536	0.051219810355898
chr13	19846034	19846035	0.986990338640232
chr13	20359380	20359381	0.0189786510199752
chr13	20359395	20359396	0.318957605580944
chr13	20359579	20359580	0.0032820896246216
chr13	20359678	20359679	0.703194782716079
chr13	23621537	23621538	0.010947349453546
chr13	23956399	23956400	0.238712293877032
chr13	24097461	24097462	0.608390429317942
chr13	26744112	26744113	0.703194782716079
chr13	26972229	26972230	0.0796348953593159
chr13	41505828	41505829	4.04236697466387e-05
chr13	42134252	42134253	0.318957605580944
chr13	42134314	42134315	1.7158545546957e-07
chr13	42996884	42996885	0.0317495263254147
chr13	42996949	42996950	0.238712293877032
chr13	44407674	44407675	0.0317495263254147
chr13	45807552	45807553	0.171974242755742
chr13	45833901	45833902	0.910728744858846
chr13	45833937	45833938	0.910728744858846
chr13	47459752	47459753	0.318957605580944
chr13	50613438	50613439	0.0189786510199752
chr13	73221396	73221397	0.0001983498297928
chr13	74450475	74450476	0.238712293877032
chr13	95481321	95481322	0.119262663111701
chr14	100406577	100406578	0.0796348953593159
chr14	100704098	100704099	7.32030730029599e-06
chr14	100704150	100704151	2.98458571542928e-06
chr14	100704202	100704203	2.6428466655381403e-09
chr14	100715946	100715947	7.32030730029599e-06
chr14	101075728	101075729	0.0032820896246216
chr14	102028806	102028807	6.27978306910122e-08
chr14	102028956	102028957	0.0017082980966096
chr14	103315478	103315479	0.0001983498297928
chr14	22995272	22995273	4.56697868334658e-07
chr14	33647785	33647786	0.0796348953593159
chr14	49479702	49479703	6.27978306910122e-08
chr14	50647998	50647999	0.006097732800868
chr14	50928272	50928273	0.051219810355898
chr14	50928364	50928365	0.0796348953593159
chr14	50928486	50928487	0.0796348953593159
chr14	50941131	50941132	0.171974242755742
chr14	50941175	50941176	0.318957605580944
chr14	51810438	51810439	0.0317495263254147
chr14	51810475	51810476	0.010947349453546
chr14	55371389	55371390	0.0001983498297928
chr14	55881787	55881788	0.410360692892148
chr14	55881892	55881893	0.0796348953593159
chr14	55882120	55882121	0.318957605580944
chr14	64774509	64774510	0.006097732800868
chr14	64948647	64948648	0.051219810355898
chr14	67391435	67391436	0.787494743139936
chr14	68941979	68941980	0.006097732800868
chr14	72745608	72745609	0.051219810355898
chr14	72924631	72924632	9.0903786488488e-05
chr14	72924884	72924885	0.0017082980966096
chr14	75474337	75474338	0.0001983498297928
chr14	81682455	81682456	0.508715564308711
chr14	86799422	86799423	0.171974242755742
chr14	89140356	89140357	0.238712293877032
chr14	89249343	89249344	0.0001983498297928
chr14	89426006	89426007	0.0032820896246216
chr14	90516951	90516952	0.010947349453546
chr14	91980627	91980628	0.0032820896246216
chr14	92625246	92625247	9.0903786488488e-05
chr14	92625615	92625616	0.010947349453546
chr14	95334188	95334189	0.508715564308711
chr14	96246691	96246692	0.0189786510199752
chr14	96246717	96246718	0.703194782716079
chr14	97298754	97298755	0.0032820896246216
chr14	99122602	99122603	0.006097732800868
chr14	99122819	99122820	0.0796348953593159
chr15	99461017	99461018	0.0004196676111481
chr15	100713351	100713352	0.171974242755742
chr15	101017435	101017436	0.010947349453546
chr15	101156559	101156560	0.051219810355898
chr15	101157047	101157048	0.0796348953593159
chr15	101575357	101575358	0.171974242755742
chr15	101575441	101575442	0.0796348953593159
chr15	101613600	101613601	0.0796348953593159
chr15	101693056	101693057	0.0189786510199752
chr15	22968755	22968756	0.238712293877032
chr15	22820435	22820436	0.0189786510199752
chr15	22776146	22776147	0.608390429317942
chr15	26667529	26667530	0.410360692892148
chr15	26667754	26667755	0.608390429317942
chr15	33722219	33722220	0.0317495263254147
chr15	33722316	33722317	0.910728744858846
chr15	34241778	34241779	0.0004196676111481
chr15	34810903	34810904	0.010947349453546
chr15	38398354	38398355	0.0004196676111481
chr15	38628245	38628246	9.0903786488488e-05
chr15	40084890	40084891	4.56697868334658e-07
chr15	40152145	40152146	0.0001983498297928
chr15	41804727	41804728	7.790085620634e-09
chr15	42138336	42138337	0.0317495263254147
chr15	48385887	48385888	0.119262663111701
chr15	51004209	51004210	0.051219810355898
chr15	52144136	52144137	0.318957605580944
chr15	57441195	57441196	0.119262663111701
chr15	60523240	60523241	0.0004196676111481
chr15	62094495	62094496	0.0189786510199752
chr15	62307575	62307576	0.171974242755742
chr15	62307915	62307916	0.238712293877032
chr15	62496401	62496402	0.119262663111701
chr15	62976900	62976901	0.508715564308711
chr15	63080127	63080128	7.32030730029599e-06
chr15	63247422	63247423	0.0317495263254147
chr15	63403983	63403984	0.0189786510199752
chr15	64883474	64883475	1.7158545546957e-07
chr15	65326193	65326194	0.006097732800868
chr15	69685998	69685999	0.0796348953593159
chr15	69988436	69988437	0.051219810355898
chr15	70260015	70260016	0.0017082980966096
chr15	71610194	71610195	0.0001983498297928
chr15	71610215	71610216	0.006097732800868
chr15	71610325	71610326	0.0004196676111481
chr15	71748434	71748435	0.787494743139936
chr15	71748794	71748795	0.787494743139936
chr15	74379183	74379184	4.04236697466387e-05
chr15	77546076	77546077	0.0008604282105759
chr15	77797473	77797474	0.0189786510199752
chr15	77797496	77797497	0.0008604282105759
chr15	78146675	78146676	0.0189786510199752
chr15	78146777	78146778	0.006097732800868
chr15	78146922	78146923	0.508715564308711
chr15	82123015	82123016	0.0189786510199752
chr15	85118038	85118039	4.04236697466387e-05
chr15	85800563	85800564	0.0032820896246216
chr15	85837314	85837315	0.0796348953593159
chr15	87287356	87287357	0.119262663111701
chr15	87671479	87671480	0.238712293877032
chr15	87817436	87817437	0.608390429317942
chr15	89332705	89332706	2.98458571542928e-06
chr15	89384328	89384329	1.74527624723374e-05
chr15	90949828	90949829	0.051219810355898
chr15	90949976	90949977	0.051219810355898
chr15	91515498	91515499	0.0796348953593159
chr15	92059387	92059388	0.318957605580944
chr15	92527238	92527239	0.119262663111701
chr15	93274470	93274471	0.0189786510199752
chr15	93321916	93321917	0.0004196676111481
chr15	93322062	93322063	0.508715564308711
chr15	93710024	93710025	0.410360692892148
chr15	95132958	95132959	0.0796348953593159
chr15	97902529	97902530	0.010947349453546
chr15	97902566	97902567	0.0004196676111481
chr15	98915077	98915078	0.410360692892148
chr15	98915097	98915098	0.171974242755742
chr16	10343163	10343164	0.006097732800868
chr16	10343235	10343236	0.119262663111701
chr16	10648652	10648653	0.238712293877032
chr16	11407575	11407576	0.119262663111701
chr16	12293418	12293419	0.410360692892148
chr16	12341924	12341925	0.0189786510199752
chr16	12538674	12538675	0.0317495263254147
chr16	12538780	12538781	0.010947349453546
chr16	12543505	12543506	0.0189786510199752
chr16	12570279	12570280	0.051219810355898
chr16	12570394	12570395	0.010947349453546
chr16	12570648	12570649	0.0189786510199752
chr16	1482461	1482462	0.0796348953593159
chr16	1482835	1482836	0.238712293877032
chr16	15989192	15989193	0.0796348953593159
chr16	15989514	15989515	0.0796348953593159
chr16	15991378	15991379	0.010947349453546
chr16	17408971	17408972	0.0189786510199752
chr16	2015664	2015665	4.04236697466387e-05
chr16	23730138	23730139	0.051219810355898
chr16	23771417	23771418	0.0317495263254147
chr16	2448202	2448203	0.0796348953593159
chr16	2448335	2448336	0.0796348953593159
chr16	27690809	27690810	0.0008604282105759
chr16	27749234	27749235	0.171974242755742
chr16	27769987	27769988	0.051219810355898
chr16	2839402	2839403	0.119262663111701
chr16	2899246	2899247	0.0796348953593159
chr16	3349011	3349012	0.508715564308711
chr16	4527067	4527068	0.508715564308711
chr16	48919069	48919070	1.74527624723374e-05
chr16	52597804	52597805	0.0008604282105759
chr16	52598051	52598052	0.0008604282105759
chr16	54331405	54331406	0.171974242755742
chr16	54331434	54331435	0.171974242755742
chr16	54331541	54331542	0.171974242755742
chr16	54331579	54331580	0.0796348953593159
chr16	55495498	55495499	0.051219810355898
chr16	56971388	56971389	0.0017082980966096
chr16	56971566	56971567	0.006097732800868
chr16	56971637	56971638	0.410360692892148
chr16	56985619	56985620	0.010947349453546
chr16	58653163	58653164	0.0001983498297928
chr16	65770050	65770051	0.0017082980966096
chr16	65770148	65770149	0.0189786510199752
chr16	72256515	72256516	4.04236697466387e-05
chr16	74842713	74842714	0.508715564308711
chr16	75054540	75054541	0.006097732800868
chr16	77856787	77856788	0.119262663111701
chr16	78596921	78596922	0.171974242755742
chr16	79328513	79328514	0.238712293877032
chr16	79847488	79847489	0.608390429317942
chr16	79848871	79848872	0.508715564308711
chr16	80407522	80407523	4.04236697466387e-05
chr16	81190628	81190629	0.0032820896246216
chr16	81711948	81711949	0.171974242755742
chr16	81774627	81774628	0.0032820896246216
chr16	81902236	81902237	0.0317495263254147
chr16	81909089	81909090	0.410360692892148
chr16	82638428	82638429	0.010947349453546
chr16	82638559	82638560	0.0796348953593159
chr16	82638721	82638722	0.703194782716079
chr16	82639804	82639805	0.171974242755742
chr16	82640235	82640236	0.238712293877032
chr16	83344310	83344311	0.0796348953593159
chr16	84521712	84521713	0.006097732800868
chr16	84684616	84684617	0.171974242755742
chr16	84786343	84786344	0.0317495263254147
chr16	84948367	84948368	0.051219810355898
chr16	85020073	85020074	0.0189786510199752
chr16	85150075	85150076	0.010947349453546
chr16	85302344	85302345	0.0017082980966096
chr16	85729008	85729009	0.171974242755742
chr16	86375789	86375790	0.410360692892148
chr16	86375895	86375896	0.0317495263254147
chr16	86393159	86393160	0.0189786510199752
chr16	86902202	86902203	0.0317495263254147
chr16	87653128	87653129	0.0189786510199752
chr16	87653609	87653610	0.0189786510199752
chr16	87931767	87931768	0.410360692892148
chr16	89845654	89845655	1.74527624723374e-05
chr16	9120022	9120023	0.0317495263254147
chr17	13539048	13539049	0.010947349453546
chr17	17109874	17109875	0.006097732800868
chr17	17228554	17228555	4.04236697466387e-05
chr17	17352368	17352369	0.410360692892148
chr17	18221593	18221594	8.30456958301947e-12
chr17	19448868	19448869	1.74527624723374e-05
chr17	2081755	2081756	1.4872477997312202e-14
chr17	2082548	2082549	8.8985892125084e-19
chr17	20301202	20301203	4.04236697466387e-05
chr17	31457412	31457413	0.0001983498297928
chr17	32335812	32335813	0.006097732800868
chr17	33725842	33725843	0.703194782716079
chr17	35095011	35095012	0.119262663111701
chr17	36892255	36892256	0.410360692892148
chr17	40304608	40304609	1.74527624723374e-05
chr17	3976853	3976854	0.0004196676111481
chr17	3977058	3977059	0.051219810355898
chr17	41415980	41415981	0.006097732800868
chr17	41487087	41487088	0.703194782716079
chr17	41739809	41739810	0.0001983498297928
chr17	45122536	45122537	0.010947349453546
chr17	45122926	45122927	0.0017082980966096
chr17	48478382	48478383	0.171974242755742
chr17	49928515	49928516	0.171974242755742
chr17	57005470	57005471	0.051219810355898
chr17	57016783	57016784	0.410360692892148
chr17	57016927	57016928	0.051219810355898
chr17	57422702	57422703	0.171974242755742
chr17	5707016	5707017	0.0796348953593159
chr17	61267959	61267960	0.0189786510199752
chr17	61268017	61268018	0.238712293877032
chr17	61274801	61274802	0.0008604282105759
chr17	61274847	61274848	0.119262663111701
chr17	61489660	61489661	0.0017082980966096
chr17	66310895	66310896	7.790085620634e-09
chr17	67035748	67035749	4.04236697466387e-05
chr17	71084566	71084567	0.0317495263254147
chr17	71530325	71530326	0.006097732800868
chr17	76005108	76005109	0.0032820896246216
chr17	76578020	76578021	0.0189786510199752
chr17	76602061	76602062	0.0189786510199752
chr17	77267004	77267005	0.006097732800868
chr17	77517329	77517330	0.006097732800868
chr17	77875154	77875155	7.32030730029599e-06
chr17	78400881	78400882	0.0008604282105759
chr17	78559902	78559903	0.318957605580944
chr17	78560061	78560062	0.119262663111701
chr17	79038645	79038646	0.0017082980966096
chr17	79851575	79851576	0.010947349453546
chr17	879658	879659	0.171974242755742
chr17	879757	879758	0.006097732800868
chr17	879808	879809	0.051219810355898
chr17	81172090	81172091	0.0189786510199752
chr17	81228664	81228665	0.010947349453546
chr17	81244913	81244914	1.18351095952227e-06
chr17	81271102	81271103	0.0004196676111481
chr17	81291900	81291901	0.0317495263254147
chr17	82345678	82345679	0.119262663111701
chr17	82345708	82345709	0.0796348953593159
chr17	9371479	9371480	0.318957605580944
chr18	10010735	10010736	0.0008604282105759
chr18	10010835	10010836	0.0004196676111481
chr18	10010884	10010885	0.0008604282105759
chr18	10140134	10140135	0.119262663111701
chr18	11872825	11872826	0.508715564308711
chr18	11872875	11872876	0.608390429317942
chr18	12394746	12394747	0.0032820896246216
chr18	21998092	21998093	0.051219810355898
chr18	2516420	2516421	0.051219810355898
chr18	35136477	35136478	0.238712293877032
chr18	3305739	3305740	0.238712293877032
chr18	3649895	3649896	0.0796348953593159
chr18	46369349	46369350	0.051219810355898
chr18	48125885	48125886	0.0796348953593159
chr18	48357208	48357209	0.0001983498297928
chr18	48419675	48419676	0.010947349453546
chr18	48419903	48419904	0.0032820896246216
chr18	48545948	48545949	0.0796348953593159
chr18	49609528	49609529	0.171974242755742
chr18	49944951	49944952	0.171974242755742
chr18	59955054	59955055	0.0004196676111481
chr18	61738570	61738571	0.051219810355898
chr18	63470702	63470703	0.318957605580944
chr18	63470866	63470867	0.238712293877032
chr18	64258446	64258447	0.238712293877032
chr18	69949376	69949377	0.119262663111701
chr18	8835870	8835871	0.0032820896246216
chr18	8882680	8882681	0.0189786510199752
chr18	9952790	9952791	0.0004196676111481
chr19	10617353	10617354	6.47016811879658e-17
chr19	10678136	10678137	1.02157286717103e-15
chr19	10977122	10977123	0.508715564308711
chr19	13160906	13160907	0.0189786510199752
chr19	13958270	13958271	0.0008604282105759
chr19	14023685	14023686	0.238712293877032
chr19	14890829	14890830	0.318957605580944
chr19	16106296	16106297	0.119262663111701
chr19	16164703	16164704	0.0017082980966096
chr19	17173787	17173788	0.0032820896246216
chr19	17739379	17739380	0.0032820896246216
chr19	28010049	28010050	0.787494743139936
chr19	29056410	29056411	0.238712293877032
chr19	3034078	3034079	0.006097732800868
chr19	29893648	29893649	0.0796348953593159
chr19	30075148	30075149	0.0317495263254147
chr19	3126333	3126334	0.0796348953593159
chr19	32397993	32397994	1.18351095952227e-06
chr19	33398093	33398094	2.98458571542928e-06
chr19	33398462	33398463	4.56697868334658e-07
chr19	34241665	34241666	1.74527624723374e-05
chr19	3526700	3526701	0.0004196676111481
chr19	35128114	35128115	0.051219810355898
chr19	35565350	35565351	0.010947349453546
chr19	38991475	38991476	0.171974242755742
chr19	38993440	38993441	0.410360692892148
chr19	39046062	39046063	0.051219810355898
chr19	41083912	41083913	0.0017082980966096
chr19	45195981	45195982	0.0189786510199752
chr19	45824294	45824295	7.32030730029599e-06
chr19	46977416	46977417	0.0317495263254147
chr19	48124004	48124005	0.171974242755742
chr19	5352539	5352540	0.508715564308711
chr19	5352607	5352608	0.787494743139936
chr19	54346073	54346074	0.508715564308711
chr19	55041999	55042000	0.051219810355898
chr19	55042278	55042279	0.0189786510199752
chr19	55327807	55327808	0.051219810355898
chr19	55327903	55327904	0.010947349453546
chr19	6232668	6232669	0.119262663111701
chr19	7833654	7833655	0.0032820896246216
chr19	8356122	8356123	0.010947349453546
chr19	9735953	9735954	0.0317495263254147
chr1	99621301	99621302	0.119262663111701
chr1	99621605	99621606	0.238712293877032
chr1	109239567	109239568	4.04236697466387e-05
chr1	109821652	109821653	0.0004196676111481
chr1	109931370	109931371	0.171974242755742
chr1	115497394	115497395	0.0189786510199752
chr1	115811528	115811529	0.0317495263254147
chr1	119331964	119331965	0.010947349453546
chr1	119673663	119673664	0.318957605580944
chr1	14435968	14435969	0.0317495263254147
chr1	14840506	14840507	0.318957605580944
chr1	15027902	15027903	0.051219810355898
chr1	156460956	156460957	9.0903786488488e-05
chr1	156876327	156876328	0.051219810355898
chr1	156876440	156876441	0.0008604282105759
chr1	159958268	159958269	0.0796348953593159
chr1	162373983	162373984	0.0008604282105759
chr1	164708024	164708025	0.608390429317942
chr1	16396588	16396589	0.508715564308711
chr1	16396643	16396644	4.04236697466387e-05
chr1	167499626	167499627	0.608390429317942
chr1	171794381	171794382	0.0317495263254147
chr1	171794408	171794409	0.119262663111701
chr1	175548886	175548887	0.0017082980966096
chr1	175598081	175598082	0.0796348953593159
chr1	178632951	178632952	0.238712293877032
chr1	180249659	180249660	0.006097732800868
chr1	180271616	180271617	0.051219810355898
chr1	17999106	17999107	0.857262027006661
chr1	183432534	183432535	4.04236697466387e-05
chr1	183432744	183432745	0.0032820896246216
chr1	185441842	185441843	0.119262663111701
chr1	186195766	186195767	9.0903786488488e-05
chr1	18530997	18530998	0.006097732800868
chr1	18531103	18531104	0.010947349453546
chr1	18618716	18618717	0.0189786510199752
chr1	18619041	18619042	0.318957605580944
chr1	18743349	18743350	0.0317495263254147
chr1	195958320	195958321	0.051219810355898
chr1	195958480	195958481	0.119262663111701
chr1	19309546	19309547	0.0004196676111481
chr1	19682386	19682387	0.0017082980966096
chr1	201267012	201267013	0.608390429317942
chr1	201267110	201267111	0.857262027006661
chr1	203047769	203047770	0.410360692892148
chr1	203726587	203726588	0.051219810355898
chr1	203726707	203726708	0.0317495263254147
chr1	20110910	20110911	0.238712293877032
chr1	204926087	204926088	0.006097732800868
chr1	204972402	204972403	0.857262027006661
chr1	20199553	20199554	0.0796348953593159
chr1	20199576	20199577	0.410360692892148
chr1	205374519	205374520	0.318957605580944
chr1	205375268	205375269	1.18351095952227e-06
chr1	205937256	205937257	0.318957605580944
chr1	2139900	2139901	1.18351095952227e-06
chr1	207316973	207316974	7.32030730029599e-06
chr1	209096281	209096282	0.0189786510199752
chr1	209607402	209607403	0.0001983498297928
chr1	209607779	209607780	0.006097732800868
chr1	209850419	209850420	0.0017082980966096
chr1	209850441	209850442	0.051219810355898
chr1	209850751	209850752	0.0796348953593159
chr1	212694920	212694921	0.0008604282105759
chr1	223355750	223355751	0.318957605580944
chr1	223492125	223492126	0.171974242755742
chr1	223492193	223492194	0.410360692892148
chr1	224065680	224065681	0.0317495263254147
chr1	224245319	224245320	0.238712293877032
chr1	224245517	224245518	0.119262663111701
chr1	225846267	225846268	0.051219810355898
chr1	225920086	225920087	0.238712293877032
chr1	227351503	227351504	0.0008604282105759
chr1	229849192	229849193	0.238712293877032
chr1	229849202	229849203	0.119262663111701
chr1	230107214	230107215	0.0004196676111481
chr1	231140260	231140261	0.0796348953593159
chr1	234628356	234628357	8.92917108622675e-11
chr1	234628450	234628451	0.0317495263254147
chr1	234768839	234768840	0.051219810355898
chr1	23393766	23393767	0.0317495263254147
chr1	2475447	2475448	0.0189786510199752
chr1	241647828	241647829	0.318957605580944
chr1	244353935	244353936	0.0796348953593159
chr1	244354088	244354089	0.0317495263254147
chr1	245092380	245092381	0.608390429317942
chr1	2533704	2533705	8.74999150070675e-10
chr1	2533889	2533890	0.0032820896246216
chr1	2534472	2534473	2.82832608069679e-10
chr1	2535193	2535194	0.0001983498297928
chr1	247742372	247742373	0.0008604282105759
chr1	248821267	248821268	0.0189786510199752
chr1	26190353	26190354	0.0189786510199752
chr1	26386105	26386106	0.0796348953593159
chr1	2811238	2811239	0.0001983498297928
chr1	27161807	27161808	0.006097732800868
chr1	27686988	27686989	0.010947349453546
chr1	30059247	30059248	0.410360692892148
chr1	30379165	30379166	0.608390429317942
chr1	30379249	30379250	0.238712293877032
chr1	30379565	30379566	0.171974242755742
chr1	30511815	30511816	0.608390429317942
chr1	30512228	30512229	0.0796348953593159
chr1	30778203	30778204	0.0189786510199752
chr1	30786658	30786659	0.010947349453546
chr1	31214811	31214812	0.006097732800868
chr1	31215263	31215264	0.0017082980966096
chr1	31535898	31535899	0.119262663111701
chr1	32290837	32290838	0.0317495263254147
chr1	34014320	34014321	0.010947349453546
chr1	34530811	34530812	0.0032820896246216
chr1	36492611	36492612	0.0317495263254147
chr1	36705968	36705969	0.0008604282105759
chr1	37534583	37534584	0.0189786510199752
chr1	40820680	40820681	0.508715564308711
chr1	40821210	40821211	0.0189786510199752
chr1	46461430	46461431	0.051219810355898
chr1	47570140	47570141	0.0317495263254147
chr1	47781404	47781405	0.508715564308711
chr1	48617398	48617399	0.0189786510199752
chr1	54135558	54135559	0.171974242755742
chr1	54135607	54135608	0.010947349453546
chr1	55980622	55980623	0.119262663111701
chr1	62530701	62530702	0.0017082980966096
chr1	6413233	6413234	0.0796348953593159
chr1	65459665	65459666	0.010947349453546
chr1	7282045	7282046	0.410360692892148
chr1	7454560	7454561	0.0796348953593159
chr1	7561528	7561529	0.119262663111701
chr1	78092734	78092735	7.790085620634e-09
chr1	79128879	79128880	0.0189786510199752
chr1	80392780	80392781	0.0796348953593159
chr1	80392808	80392809	0.051219810355898
chr1	80392823	80392824	0.119262663111701
chr1	84387927	84387928	0.119262663111701
chr1	84775498	84775499	0.238712293877032
chr1	84847424	84847425	0.0796348953593159
chr1	9145613	9145614	0.051219810355898
chr1	9473178	9473179	0.171974242755742
chr20	10582009	10582010	1.7158545546957e-07
chr20	1131230	1131231	0.0017082980966096
chr20	1417253	1417254	0.010947349453546
chr20	16749833	16749834	0.608390429317942
chr20	16749876	16749877	0.0008604282105759
chr20	17796555	17796556	0.0317495263254147
chr20	18197579	18197580	0.0017082980966096
chr20	18613738	18613739	0.006097732800868
chr20	23446761	23446762	0.238712293877032
chr20	2832125	2832126	0.0796348953593159
chr20	34553467	34553468	2.23991353263503e-08
chr20	35002292	35002293	0.0032820896246216
chr20	36034993	36034994	7.790085620634e-09
chr20	3659409	3659410	0.0796348953593159
chr20	38771343	38771344	0.0017082980966096
chr20	43939511	43939512	0.318957605580944
chr20	45096237	45096238	9.0903786488488e-05
chr20	4406792	4406793	0.608390429317942
chr20	48699042	48699043	0.0017082980966096
chr20	49537206	49537207	0.0796348953593159
chr20	50238498	50238499	2.98458571542928e-06
chr20	50398565	50398566	0.171974242755742
chr20	50398773	50398774	0.171974242755742
chr20	50718105	50718106	0.010947349453546
chr20	51739093	51739094	0.051219810355898
chr20	5057127	5057128	0.119262663111701
chr20	56712342	56712343	0.318957605580944
chr20	56712510	56712511	0.318957605580944
chr20	5650641	5650642	0.006097732800868
chr20	57811018	57811019	0.0189786510199752
chr20	61298111	61298112	0.508715564308711
chr20	61973880	61973881	0.171974242755742
chr20	62496696	62496697	4.04236697466387e-05
chr20	63191805	63191806	0.0032820896246216
chr20	64223840	64223841	0.0008604282105759
chr20	64238364	64238365	0.171974242755742
chr20	64238382	64238383	0.0017082980966096
chr20	7498151	7498152	0.119262663111701
chr21	15848802	15848803	0.0796348953593159
chr21	20016875	20016876	0.0317495263254147
chr21	20016918	20016919	0.0317495263254147
chr21	25834305	25834306	0.051219810355898
chr21	25834439	25834440	0.171974242755742
chr21	29642038	29642039	0.318957605580944
chr21	29642052	29642053	0.410360692892148
chr21	29642168	29642169	0.010947349453546
chr21	31472666	31472667	0.051219810355898
chr21	32844766	32844767	1.7158545546957e-07
chr21	32845019	32845020	4.56697868334658e-07
chr21	33011540	33011541	0.0008604282105759
chr21	35086703	35086704	0.410360692892148
chr21	35575360	35575361	0.171974242755742
chr21	38220438	38220439	2.98458571542928e-06
chr21	39079867	39079868	0.0796348953593159
chr21	39079917	39079918	0.238712293877032
chr21	39088932	39088933	0.0008604282105759
chr21	40937333	40937334	0.508715564308711
chr21	41621858	41621859	0.006097732800868
chr21	41716022	41716023	0.0796348953593159
chr21	41716228	41716229	0.238712293877032
chr21	41716256	41716257	0.608390429317942
chr21	43447666	43447667	0.318957605580944
chr21	44208092	44208093	0.0189786510199752
chr21	44208490	44208491	0.0189786510199752
chr21	44569604	44569605	0.119262663111701
chr21	44582208	44582209	0.508715564308711
chr21	44878953	44878954	0.0317495263254147
chr21	46188665	46188666	0.0189786510199752
chr22	16917617	16917618	0.051219810355898
chr22	19849181	19849182	0.318957605580944
chr22	19966308	19966309	0.0189786510199752
chr22	20751054	20751055	0.0796348953593159
chr22	21574626	21574627	1.99189597671742e-13
chr22	24768920	24768921	0.238712293877032
chr22	24768992	24768993	0.318957605580944
chr22	24769033	24769034	0.238712293877032
chr22	24769079	24769080	0.051219810355898
chr22	25623360	25623361	0.318957605580944
chr22	26987176	26987177	0.051219810355898
chr22	27336636	27336637	0.119262663111701
chr22	27336836	27336837	0.238712293877032
chr22	30717445	30717446	0.006097732800868
chr22	30717840	30717841	0.0017082980966096
chr22	30831385	30831386	0.0796348953593159
chr22	31872413	31872414	0.119262663111701
chr22	35443855	35443856	1.18351095952227e-06
chr22	36900888	36900889	0.0189786510199752
chr22	37248580	37248581	0.171974242755742
chr22	42112932	42112933	4.04236697466387e-05
chr22	42623245	42623246	4.04236697466387e-05
chr22	42623625	42623626	0.0001983498297928
chr22	42686258	42686259	0.0032820896246216
chr22	43902376	43902377	0.0032820896246216
chr22	43902618	43902619	0.0001983498297928
chr22	43915709	43915710	0.0189786510199752
chr22	45102023	45102024	0.0004196676111481
chr22	45102121	45102122	0.608390429317942
chr22	45102233	45102234	0.0017082980966096
chr22	46454632	46454633	0.051219810355898
chr22	47275828	47275829	0.010947349453546
chr22	47918713	47918714	0.238712293877032
chr22	49372773	49372774	0.410360692892148
chr22	50118805	50118806	0.0317495263254147
chr22	50118977	50118978	0.0032820896246216
chr22	50626389	50626390	0.0317495263254147
chr22	50656497	50656498	2.98458571542928e-06
chr2	100767476	100767477	0.0008604282105759
chr2	10389861	10389862	0.0796348953593159
chr2	10390093	10390094	0.410360692892148
chr2	10390198	10390199	0.119262663111701
chr2	10390423	10390424	0.508715564308711
chr2	105180123	105180124	0.0189786510199752
chr2	105180192	105180193	0.0017082980966096
chr2	10535185	10535186	0.171974242755742
chr2	106990567	106990568	0.0008604282105759
chr2	117764029	117764030	0.0189786510199752
chr2	118974465	118974466	0.0032820896246216
chr2	11938369	11938370	0.010947349453546
chr2	11938583	11938584	0.0189786510199752
chr2	11938711	11938712	0.051219810355898
chr2	120308734	120308735	0.051219810355898
chr2	120445595	120445596	0.0017082980966096
chr2	12620337	12620338	0.508715564308711
chr2	127453642	127453643	0.0796348953593159
chr2	128422871	128422872	0.0796348953593159
chr2	128422895	128422896	0.410360692892148
chr2	133532952	133532953	0.0004196676111481
chr2	133587094	133587095	0.006097732800868
chr2	144553683	144553684	0.006097732800868
chr2	149411283	149411284	0.508715564308711
chr2	151771773	151771774	0.238712293877032
chr2	152054915	152054916	0.171974242755742
chr2	152543079	152543080	0.051219810355898
chr2	15338239	15338240	0.171974242755742
chr2	158011183	158011184	0.0189786510199752
chr2	158229386	158229387	0.0796348953593159
chr2	174059929	174059930	0.0796348953593159
chr2	179543653	179543654	0.119262663111701
chr2	196242480	196242481	0.0317495263254147
chr2	204252028	204252029	0.006097732800868
chr2	204252100	204252101	0.006097732800868
chr2	212392126	212392127	0.0189786510199752
chr2	214587892	214587893	0.0189786510199752
chr2	215751583	215751584	0.0189786510199752
chr2	216349340	216349341	0.238712293877032
chr2	218998866	218998867	0.051219810355898
chr2	218998933	218998934	0.119262663111701
chr2	224837847	224837848	0.0017082980966096
chr2	229084660	229084661	0.051219810355898
chr2	230010594	230010595	0.0189786510199752
chr2	231132240	231132241	0.410360692892148
chr2	233029096	233029097	0.0317495263254147
chr2	233928867	233928868	0.508715564308711
chr2	236048104	236048105	0.410360692892148
chr2	236048316	236048317	0.410360692892148
chr2	237605127	237605128	0.238712293877032
chr2	239145173	239145174	0.171974242755742
chr2	239155674	239155675	0.119262663111701
chr2	239360512	239360513	0.171974242755742
chr2	240886721	240886722	0.010947349453546
chr2	2663000	2663001	0.010947349453546
chr2	2663193	2663194	0.119262663111701
chr2	2844329	2844330	0.171974242755742
chr2	29879110	29879111	0.787494743139936
chr2	29879269	29879270	0.787494743139936
chr2	32865599	32865600	9.0903786488488e-05
chr2	36699205	36699206	0.171974242755742
chr2	36699227	36699228	0.318957605580944
chr2	36699403	36699404	0.119262663111701
chr2	3657700	3657701	0.787494743139936
chr2	37635573	37635574	0.0001983498297928
chr2	38720879	38720880	0.171974242755742
chr2	39620376	39620377	0.051219810355898
chr2	40097705	40097706	0.0032820896246216
chr2	40097888	40097889	0.0001983498297928
chr2	40240556	40240557	0.010947349453546
chr2	40721628	40721629	0.318957605580944
chr2	40721701	40721702	0.703194782716079
chr2	40722027	40722028	0.703194782716079
chr2	42125890	42125891	0.0032820896246216
chr2	4246538	4246539	0.0189786510199752
chr2	4246702	4246703	0.119262663111701
chr2	4246798	4246799	0.171974242755742
chr2	4246843	4246844	0.119262663111701
chr2	45184835	45184836	0.703194782716079
chr2	45975198	45975199	0.171974242755742
chr2	46309916	46309917	0.0017082980966096
chr2	47068148	47068149	0.006097732800868
chr2	47225879	47225880	0.0317495263254147
chr2	47313392	47313393	0.608390429317942
chr2	50953317	50953318	0.910728744858846
chr2	54940981	54940982	9.0903786488488e-05
chr2	61993778	61993779	0.0017082980966096
chr2	62142257	62142258	0.0189786510199752
chr2	68185773	68185774	7.32030730029599e-06
chr2	68824997	68824998	0.010947349453546
chr2	74261570	74261571	0.608390429317942
chr2	74261934	74261935	0.0796348953593159
chr2	75100554	75100555	0.608390429317942
chr2	75602752	75602753	0.238712293877032
chr2	75603094	75603095	0.238712293877032
chr2	85369615	85369616	0.0008604282105759
chr2	88545621	88545622	0.238712293877032
chr2	95334107	95334108	0.051219810355898
chr2	9641876	9641877	0.051219810355898
chr2	9768771	9768772	0.0796348953593159
chr3	101320736	101320737	0.0189786510199752
chr3	105823590	105823591	0.051219810355898
chr3	106332903	106332904	0.171974242755742
chr3	10758078	10758079	0.0189786510199752
chr3	113890555	113890556	0.0317495263254147
chr3	11530516	11530517	2.23991353263503e-08
chr3	122760839	122760840	0.051219810355898
chr3	123817195	123817196	0.010947349453546
chr3	124769001	124769002	0.0008604282105759
chr3	125126003	125126004	6.27978306910122e-08
chr3	125126077	125126078	0.0317495263254147
chr3	127406745	127406746	0.0017082980966096
chr3	127690065	127690066	0.119262663111701
chr3	12782863	12782864	1.74527624723374e-05
chr3	133949694	133949695	0.051219810355898
chr3	134597810	134597811	7.790085620634e-09
chr3	136142823	136142824	5.5007059004919e-14
chr3	137035857	137035858	0.608390429317942
chr3	139774858	139774859	0.0796348953593159
chr3	141452347	141452348	2.82832608069679e-10
chr3	141793670	141793671	0.0189786510199752
chr3	143168617	143168618	0.0189786510199752
chr3	14256763	14256764	0.0032820896246216
chr3	148723832	148723833	0.318957605580944
chr3	15527355	15527356	0.0001983498297928
chr3	15536059	15536060	7.32030730029599e-06
chr3	159190637	159190638	0.0032820896246216
chr3	160474729	160474730	1.74527624723374e-05
chr3	161285335	161285336	0.0004196676111481
chr3	16476762	16476763	0.0004196676111481
chr3	169862182	169862183	0.0017082980966096
chr3	172635717	172635718	0.119262663111701
chr3	172635781	172635782	0.608390429317942
chr3	172659276	172659277	0.051219810355898
chr3	172659357	172659358	0.119262663111701
chr3	174949655	174949656	0.0796348953593159
chr3	1734578	1734579	0.171974242755742
chr3	179375200	179375201	0.0796348953593159
chr3	185900477	185900478	0.0189786510199752
chr3	187261794	187261795	0.238712293877032
chr3	189491216	189491217	0.119262663111701
chr3	193297852	193297853	0.703194782716079
chr3	195823494	195823495	0.119262663111701
chr3	198072066	198072067	0.171974242755742
chr3	21901698	21901699	0.119262663111701
chr3	2420959	2420960	0.051219810355898
chr3	2421167	2421168	0.0008604282105759
chr3	29176767	29176768	0.119262663111701
chr3	34012296	34012297	0.051219810355898
chr3	34012487	34012488	0.051219810355898
chr3	38623710	38623711	0.410360692892148
chr3	40300219	40300220	0.410360692892148
chr3	42376394	42376395	0.0317495263254147
chr3	42376489	42376490	0.051219810355898
chr3	42376620	42376621	0.051219810355898
chr3	43866750	43866751	0.0317495263254147
chr3	4426913	4426914	0.0317495263254147
chr3	45897446	45897447	0.119262663111701
chr3	46556886	46556887	9.0903786488488e-05
chr3	46660980	46660981	0.006097732800868
chr3	4829204	4829205	0.238712293877032
chr3	53812713	53812714	2.98458571542928e-06
chr3	5389266	5389267	0.119262663111701
chr3	5389365	5389366	0.171974242755742
chr3	54322691	54322692	0.006097732800868
chr3	54322725	54322726	0.410360692892148
chr3	58557784	58557785	0.119262663111701
chr3	61966228	61966229	0.787494743139936
chr3	62110016	62110017	0.0189786510199752
chr3	62562405	62562406	0.0189786510199752
chr3	67647766	67647767	0.0317495263254147
chr3	67647922	67647923	0.0189786510199752
chr3	72163873	72163874	0.0796348953593159
chr3	72186477	72186478	0.171974242755742
chr3	72322373	72322374	0.0189786510199752
chr3	72322570	72322571	0.410360692892148
chr3	72596437	72596438	0.0017082980966096
chr3	73255675	73255676	0.010947349453546
chr3	7683180	7683181	9.0903786488488e-05
chr3	7788133	7788134	0.238712293877032
chr3	8632990	8632991	0.787494743139936
chr3	8710297	8710298	0.608390429317942
chr3	8710609	8710610	0.0189786510199752
chr3	8869662	8869663	0.0017082980966096
chr3	9111445	9111446	0.0796348953593159
chr4	1026340	1026341	0.0001983498297928
chr4	10345426	10345427	0.051219810355898
chr4	10345789	10345790	0.948446724950322
chr4	107094575	107094576	0.948446724950322
chr4	107740645	107740646	0.0017082980966096
chr4	11496520	11496521	0.119262663111701
chr4	11496811	11496812	0.119262663111701
chr4	124940389	124940390	0.608390429317942
chr4	130396414	130396415	0.410360692892148
chr4	13888484	13888485	0.238712293877032
chr4	140360473	140360474	0.051219810355898
chr4	147578454	147578455	0.010947349453546
chr4	147754041	147754042	0.318957605580944
chr4	149031523	149031524	0.0317495263254147
chr4	150664897	150664898	0.910728744858846
chr4	151874540	151874541	0.0032820896246216
chr4	15328346	15328347	0.0796348953593159
chr4	15328371	15328372	0.410360692892148
chr4	152614518	152614519	0.0796348953593159
chr4	152614533	152614534	0.119262663111701
chr4	156378330	156378331	0.508715564308711
chr4	169311728	169311729	0.119262663111701
chr4	176845914	176845915	0.051219810355898
chr4	182240466	182240467	2.6428466655381403e-09
chr4	182240485	182240486	8.74999150070675e-10
chr4	182240624	182240625	1.18351095952227e-06
chr4	182308067	182308068	0.171974242755742
chr4	1833818	1833819	0.787494743139936
chr4	182745586	182745587	0.0317495263254147
chr4	184143869	184143870	0.0189786510199752
chr4	184144141	184144142	0.238712293877032
chr4	184766078	184766079	0.0008604282105759
chr4	184766218	184766219	0.119262663111701
chr4	186829999	186830000	0.119262663111701
chr4	187210237	187210238	0.051219810355898
chr4	187210525	187210526	0.051219810355898
chr4	19983302	19983303	0.0796348953593159
chr4	22435060	22435061	0.410360692892148
chr4	24261572	24261573	0.318957605580944
chr4	24991204	24991205	0.0317495263254147
chr4	24991544	24991545	0.238712293877032
chr4	25020283	25020284	0.051219810355898
chr4	25020344	25020345	0.0796348953593159
chr4	25020540	25020541	0.119262663111701
chr4	26161485	26161486	0.0796348953593159
chr4	3111841	3111842	0.0796348953593159
chr4	38129454	38129455	0.238712293877032
chr4	38160945	38160946	0.238712293877032
chr4	4260278	4260279	0.0796348953593159
chr4	4339607	4339608	0.0004196676111481
chr4	4339845	4339846	0.0189786510199752
chr4	53586319	53586320	0.119262663111701
chr4	53586547	53586548	0.0317495263254147
chr4	5758816	5758817	0.318957605580944
chr4	57020779	57020780	0.0004196676111481
chr4	5980380	5980381	0.119262663111701
chr4	6390614	6390615	0.703194782716079
chr4	66555781	66555782	0.006097732800868
chr4	66573114	66573115	0.051219810355898
chr4	7022670	7022671	0.0032820896246216
chr4	7031943	7031944	0.0189786510199752
chr4	71126911	71126912	1.18351095952227e-06
chr4	7397326	7397327	0.0317495263254147
chr4	7397497	7397498	0.051219810355898
chr4	74503723	74503724	0.051219810355898
chr4	74503839	74503840	0.051219810355898
chr4	76060052	76060053	0.608390429317942
chr4	7698984	7698985	0.0796348953593159
chr4	77152501	77152502	0.318957605580944
chr4	8356195	8356196	0.608390429317942
chr4	85127891	85127892	0.238712293877032
chr4	85127982	85127983	0.318957605580944
chr4	85418299	85418300	0.119262663111701
chr4	86011332	86011333	0.0032820896246216
chr4	87093600	87093601	4.56697868334658e-07
chr5	10552554	10552555	0.318957605580944
chr5	10552596	10552597	0.0317495263254147
chr5	107362149	107362150	0.010947349453546
chr5	107362202	107362203	0.171974242755742
chr5	110769462	110769463	0.0796348953593159
chr5	110769643	110769644	0.0796348953593159
chr5	112492647	112492648	0.119262663111701
chr5	112969615	112969616	0.508715564308711
chr5	113199647	113199648	0.010947349453546
chr5	123397622	123397623	8.74999150070675e-10
chr5	124402228	124402229	0.051219810355898
chr5	124963982	124963983	0.006097732800868
chr5	124986777	124986778	0.171974242755742
chr5	126516299	126516300	0.0032820896246216
chr5	127011257	127011258	2.98458571542928e-06
chr5	132321303	132321304	8.74999150070675e-10
chr5	13252009	13252010	7.32030730029599e-06
chr5	133240749	133240750	0.0317495263254147
chr5	133284807	133284808	0.608390429317942
chr5	134184755	134184756	0.051219810355898
chr5	13378212	13378213	0.0317495263254147
chr5	135173986	135173987	0.0001983498297928
chr5	135242066	135242067	0.051219810355898
chr5	135309164	135309165	0.0017082980966096
chr5	138601847	138601848	7.32030730029599e-06
chr5	13933015	13933016	0.608390429317942
chr5	141822327	141822328	0.0189786510199752
chr5	143177522	143177523	0.0796348953593159
chr5	146331082	146331083	0.171974242755742
chr5	146331284	146331285	0.0317495263254147
chr5	149011280	149011281	0.0001983498297928
chr5	151040494	151040495	0.238712293877032
chr5	152462214	152462215	0.608390429317942
chr5	160463877	160463878	0.0032820896246216
chr5	160542447	160542448	0.0032820896246216
chr5	163572051	163572052	0.051219810355898
chr5	169944371	169944372	0.006097732800868
chr5	169971282	169971283	0.0017082980966096
chr5	170467411	170467412	0.857262027006661
chr5	171770542	171770543	0.010947349453546
chr5	17238955	17238956	0.010947349453546
chr5	173395742	173395743	0.171974242755742
chr5	173395801	173395802	0.238712293877032
chr5	174383050	174383051	0.006097732800868
chr5	176578475	176578476	0.0032820896246216
chr5	178074977	178074978	0.703194782716079
chr5	178075017	178075018	0.787494743139936
chr5	22560444	22560445	4.04236697466387e-05
chr5	23446473	23446474	0.318957605580944
chr5	32331307	32331308	0.0004196676111481
chr5	33370547	33370548	0.0001983498297928
chr5	33828097	33828098	0.0189786510199752
chr5	36373653	36373654	0.703194782716079
chr5	37723277	37723278	0.238712293877032
chr5	37811761	37811762	0.006097732800868
chr5	38806937	38806938	0.0017082980966096
chr5	38807020	38807021	0.0796348953593159
chr5	52922502	52922503	7.32030730029599e-06
chr5	55152424	55152425	0.608390429317942
chr5	58094179	58094180	0.0189786510199752
chr5	58094267	58094268	0.051219810355898
chr5	58094444	58094445	0.051219810355898
chr5	61048571	61048572	1.74527624723374e-05
chr5	63055638	63055639	0.051219810355898
chr5	657716	657717	0.0001983498297928
chr5	68046499	68046500	0.238712293877032
chr5	68046774	68046775	0.318957605580944
chr5	72463550	72463551	0.0004196676111481
chr5	72464447	72464448	0.006097732800868
chr5	73377033	73377034	0.119262663111701
chr5	74043288	74043289	0.238712293877032
chr5	74491054	74491055	0.857262027006661
chr5	76304325	76304326	0.0017082980966096
chr5	76701387	76701388	0.787494743139936
chr5	78806659	78806660	0.006097732800868
chr5	79703079	79703080	0.051219810355898
chr5	80141505	80141506	0.857262027006661
chr5	8012853	8012854	0.238712293877032
chr5	82366177	82366178	0.0017082980966096
chr5	8330232	8330233	0.119262663111701
chr5	89584329	89584330	7.32030730029599e-06
chr5	91136496	91136497	0.608390429317942
chr5	9438007	9438008	0.857262027006661
chr5	95530797	95530798	0.508715564308711
chr5	95641949	95641950	0.010947349453546
chr5	95867429	95867430	4.04236697466387e-05
chr6	100161247	100161248	7.790085620634e-09
chr6	104527844	104527845	0.0032820896246216
chr6	105374289	105374290	0.119262663111701
chr6	106692480	106692481	0.010947349453546
chr6	107330220	107330221	0.0004196676111481
chr6	110590095	110590096	0.171974242755742
chr6	111574524	111574525	4.04236697466387e-05
chr6	111919128	111919129	0.0032820896246216
chr6	113921061	113921062	0.119262663111701
chr6	113921254	113921255	0.119262663111701
chr6	12354941	12354942	0.608390429317942
chr6	12491234	12491235	0.119262663111701
chr6	125950356	125950357	0.0317495263254147
chr6	129313109	129313110	0.010947349453546
chr6	129313280	129313281	0.0317495263254147
chr6	129341211	129341212	0.0032820896246216
chr6	130601003	130601004	0.119262663111701
chr6	131024523	131024524	0.010947349453546
chr6	136236962	136236963	0.318957605580944
chr6	142009861	142009862	7.32030730029599e-06
chr6	14271689	14271690	0.0189786510199752
chr6	14274837	14274838	0.0189786510199752
chr6	143409447	143409448	0.171974242755742
chr6	144543364	144543365	0.119262663111701
chr6	14666258	14666259	0.318957605580944
chr6	148415311	148415312	0.318957605580944
chr6	150150457	150150458	0.119262663111701
chr6	150290436	150290437	0.318957605580944
chr6	150814439	150814440	0.0796348953593159
chr6	151322774	151322775	0.0001983498297928
chr6	151589768	151589769	0.010947349453546
chr6	15449209	15449210	9.0903786488488e-05
chr6	155050378	155050379	0.006097732800868
chr6	157317225	157317226	2.23991353263503e-08
chr6	157442517	157442518	0.051219810355898
chr6	15793609	15793610	0.010947349453546
chr6	159443875	159443876	0.238712293877032
chr6	159577845	159577846	0.318957605580944
chr6	159578847	159578848	0.0008604282105759
chr6	160733199	160733200	0.006097732800868
chr6	161550365	161550366	0.171974242755742
chr6	161550565	161550566	0.0008604282105759
chr6	163756288	163756289	0.006097732800868
chr6	16636229	16636230	0.0004196676111481
chr6	16639747	16639748	9.0903786488488e-05
chr6	166521706	166521707	0.010947349453546
chr6	168032553	168032554	0.119262663111701
chr6	17015253	17015254	0.119262663111701
chr6	17876228	17876229	0.0001983498297928
chr6	20907649	20907650	0.238712293877032
chr6	25173841	25173842	2.82832608069679e-10
chr6	25173919	25173920	0.006097732800868
chr6	25418865	25418866	3.76269283049891e-29
chr6	25418907	25418908	0.051219810355898
chr6	25419089	25419090	2.0518071222169602e-19
chr6	32948045	32948046	9.0903786488488e-05
chr6	32948074	32948075	0.0017082980966096
chr6	3324923	3324924	0.010947349453546
chr6	33755512	33755513	7.790085620634e-09
chr6	33755605	33755606	8.92917108622675e-11
chr6	33852281	33852282	0.0032820896246216
chr6	35262762	35262763	4.56697868334658e-07
chr6	36373516	36373517	0.0004196676111481
chr6	36373915	36373916	0.0189786510199752
chr6	37325987	37325988	0.119262663111701
chr6	38248917	38248918	0.787494743139936
chr6	39190004	39190005	9.0903786488488e-05
chr6	39389480	39389481	0.0796348953593159
chr6	4177292	4177293	0.119262663111701
chr6	4180905	4180906	0.119262663111701
chr6	42193553	42193554	0.0317495263254147
chr6	43488820	43488821	7.32030730029599e-06
chr6	4378762	4378763	0.119262663111701
chr6	44494669	44494670	0.0008604282105759
chr6	47729043	47729044	0.0317495263254147
chr6	47729128	47729129	0.0317495263254147
chr6	47741959	47741960	0.119262663111701
chr6	4910415	4910416	0.410360692892148
chr6	52301762	52301763	0.318957605580944
chr6	52731776	52731777	0.0189786510199752
chr6	52877417	52877418	0.238712293877032
chr6	52877496	52877497	0.0796348953593159
chr6	6222503	6222504	0.703194782716079
chr6	6851205	6851206	0.171974242755742
chr6	6851304	6851305	0.171974242755742
chr6	6884499	6884500	0.119262663111701
chr6	72218260	72218261	0.0796348953593159
chr6	74750037	74750038	0.0017082980966096
chr6	74750141	74750142	0.410360692892148
chr6	78599091	78599092	0.0796348953593159
chr6	79842023	79842024	0.051219810355898
chr6	84836701	84836702	0.0032820896246216
chr6	88630189	88630190	0.508715564308711
chr6	90288602	90288603	2.98458571542928e-06
chr6	90406271	90406272	0.0796348953593159
chr6	90845774	90845775	0.0189786510199752
chr7	102264543	102264544	1.74527624723374e-05
chr7	102354	102355	0.171974242755742
chr7	103810643	103810644	1.74527624723374e-05
chr7	107836571	107836572	0.410360692892148
chr7	1100781	1100782	0.0001983498297928
chr7	11475237	11475238	0.051219810355898
chr7	1165257	1165258	2.6428466655381403e-09
chr7	12493850	12493851	0.410360692892148
chr7	133854193	133854194	0.0001983498297928
chr7	135254294	135254295	0.0001983498297928
chr7	139124530	139124531	0.010947349453546
chr7	139124700	139124701	0.0032820896246216
chr7	139442336	139442337	4.04236697466387e-05
chr7	141663232	141663233	0.006097732800868
chr7	151395688	151395689	1.74527624723374e-05
chr7	156560334	156560335	0.410360692892148
chr7	156560555	156560556	0.508715564308711
chr7	157423398	157423399	0.508715564308711
chr7	157467974	157467975	0.410360692892148
chr7	16346868	16346869	0.238712293877032
chr7	16915632	16915633	0.171974242755742
chr7	16915872	16915873	0.318957605580944
chr7	17206463	17206464	0.006097732800868
chr7	17490387	17490388	0.010947349453546
chr7	19940180	19940181	0.608390429317942
chr7	20560662	20560663	0.948446724950322
chr7	2180417	2180418	2.98458571542928e-06
chr7	23544902	23544903	9.0903786488488e-05
chr7	2572700	2572701	0.006097732800868
chr7	2612004	2612005	0.0189786510199752
chr7	27066449	27066450	0.006097732800868
chr7	28354911	28354912	0.010947349453546
chr7	29793970	29793971	0.051219810355898
chr7	30091547	30091548	9.0903786488488e-05
chr7	30091672	30091673	0.0008604282105759
chr7	30446124	30446125	0.010947349453546
chr7	32164682	32164683	0.0796348953593159
chr7	33808279	33808280	0.0189786510199752
chr7	34061612	34061613	0.171974242755742
chr7	3439799	3439800	0.006097732800868
chr7	3673561	3673562	0.238712293877032
chr7	39505187	39505188	0.0317495263254147
chr7	39505238	39505239	0.051219810355898
chr7	42993227	42993228	0.171974242755742
chr7	45139148	45139149	0.006097732800868
chr7	45217375	45217376	0.171974242755742
chr7	45267385	45267386	0.171974242755742
chr7	47501820	47501821	0.171974242755742
chr7	4842656	4842657	0.508715564308711
chr7	4842696	4842697	0.318957605580944
chr7	49487137	49487138	0.051219810355898
chr7	51010399	51010400	0.0189786510199752
chr7	51019324	51019325	0.410360692892148
chr7	5181043	5181044	0.238712293877032
chr7	5629928	5629929	0.006097732800868
chr7	66143428	66143429	0.608390429317942
chr7	66640210	66640211	0.857262027006661
chr7	66952695	66952696	0.010947349453546
chr7	6631864	6631865	1.74527624723374e-05
chr7	70716776	70716777	0.0317495263254147
chr7	74025373	74025374	0.006097732800868
chr7	74079202	74079203	0.051219810355898
chr7	74079423	74079424	0.0017082980966096
chr7	74115645	74115646	0.0017082980966096
chr7	74115715	74115716	0.238712293877032
chr7	74465216	74465217	4.56697868334658e-07
chr7	74482954	74482955	0.010947349453546
chr7	7353082	7353083	0.608390429317942
chr7	7353229	7353230	0.608390429317942
chr7	75741049	75741050	2.98458571542928e-06
chr7	76090292	76090293	0.010947349453546
chr7	80711846	80711847	0.0189786510199752
chr7	81075163	81075164	0.410360692892148
chr7	97835662	97835663	0.986990338640232
chr7	97835783	97835784	0.238712293877032
chr7	98024498	98024499	7.32030730029599e-06
chr7	99849178	99849179	0.0004196676111481
chr8	10273948	10273949	2.98458571542928e-06
chr8	10274125	10274126	7.32030730029599e-06
chr8	10274288	10274289	0.051219810355898
chr8	100886478	100886479	0.010947349453546
chr8	101118062	101118063	0.0796348953593159
chr8	10363359	10363360	0.0004196676111481
chr8	102683701	102683702	0.119262663111701
chr8	10736963	10736964	5.5007059004919e-14
chr8	106398570	106398571	0.0017082980966096
chr8	11508393	11508394	0.508715564308711
chr8	11726915	11726916	2.82832608069679e-10
chr8	116162084	116162085	7.790085620634e-09
chr8	116162384	116162385	7.790085620634e-09
chr8	116935434	116935435	0.703194782716079
chr8	117847724	117847725	0.119262663111701
chr8	117848162	117848163	0.171974242755742
chr8	118078928	118078929	0.0004196676111481
chr8	119051803	119051804	0.410360692892148
chr8	122664273	122664274	0.703194782716079
chr8	122664623	122664624	0.608390429317942
chr8	122758717	122758718	0.0796348953593159
chr8	122758766	122758767	0.119262663111701
chr8	123018937	123018938	0.051219810355898
chr8	123019300	123019301	9.0903786488488e-05
chr8	123058442	123058443	0.119262663111701
chr8	123167574	123167575	0.0017082980966096
chr8	123167644	123167645	0.0017082980966096
chr8	123681203	123681204	0.238712293877032
chr8	124038093	124038094	0.171974242755742
chr8	124105035	124105036	0.608390429317942
chr8	124607749	124607750	0.010947349453546
chr8	125968656	125968657	0.238712293877032
chr8	126506122	126506123	0.238712293877032
chr8	126546879	126546880	0.051219810355898
chr8	127332378	127332379	0.0189786510199752
chr8	127565037	127565038	0.410360692892148
chr8	133016865	133016866	0.119262663111701
chr8	133328811	133328812	0.238712293877032
chr8	134200510	134200511	0.051219810355898
chr8	137934603	137934604	0.051219810355898
chr8	139950806	139950807	0.508715564308711
chr8	139950980	139950981	0.051219810355898
chr8	140300002	140300003	0.051219810355898
chr8	141264532	141264533	9.0903786488488e-05
chr8	142295440	142295441	0.0017082980966096
chr8	143032604	143032605	0.010947349453546
chr8	143311288	143311289	0.010947349453546
chr8	143669417	143669418	0.0008604282105759
chr8	143836509	143836510	0.0796348953593159
chr8	143836876	143836877	0.006097732800868
chr8	144351821	144351822	1.74527624723374e-05
chr8	17596790	17596791	0.171974242755742
chr8	17596843	17596844	0.051219810355898
chr8	17608352	17608353	0.119262663111701
chr8	17608702	17608703	0.410360692892148
chr8	1841190	1841191	0.171974242755742
chr8	19094311	19094312	0.006097732800868
chr8	19184234	19184235	0.051219810355898
chr8	19184449	19184450	0.0317495263254147
chr8	19184476	19184477	0.0317495263254147
chr8	19192922	19192923	0.0796348953593159
chr8	19228842	19228843	0.410360692892148
chr8	19540666	19540667	0.0317495263254147
chr8	19540755	19540756	0.0796348953593159
chr8	19661396	19661397	0.508715564308711
chr8	20282168	20282169	0.006097732800868
chr8	20789863	20789864	0.0032820896246216
chr8	22255916	22255917	0.0796348953593159
chr8	22256051	22256052	0.051219810355898
chr8	23297086	23297087	4.56697868334658e-07
chr8	23297367	23297368	0.010947349453546
chr8	23297468	23297469	4.56697868334658e-07
chr8	23418270	23418271	0.006097732800868
chr8	25680001	25680002	0.171974242755742
chr8	25680070	25680071	0.238712293877032
chr8	26150377	26150378	0.318957605580944
chr8	26628589	26628590	0.0008604282105759
chr8	26628738	26628739	0.318957605580944
chr8	26628803	26628804	9.0903786488488e-05
chr8	27515962	27515963	0.119262663111701
chr8	29086216	29086217	0.238712293877032
chr8	29296259	29296260	0.318957605580944
chr8	30089364	30089365	0.0317495263254147
chr8	41279922	41279923	0.010947349453546
chr8	41569909	41569910	0.0317495263254147
chr8	41683365	41683366	0.0317495263254147
chr8	41683530	41683531	0.0017082980966096
chr8	53510292	53510293	0.0796348953593159
chr8	60455508	60455509	0.608390429317942
chr8	6852834	6852835	0.508715564308711
chr8	70015522	70015523	0.0004196676111481
chr8	70015571	70015572	0.608390429317942
chr8	75394021	75394022	0.0017082980966096
chr8	8235717	8235718	2.98458571542928e-06
chr8	9320624	9320625	0.0001983498297928
chr8	91034554	91034555	9.0903786488488e-05
chr8	9419544	9419545	1.58057711290069e-17
chr8	9782889	9782890	0.0017082980966096
chr9	98324658	98324659	0.0796348953593159
chr9	10265281	10265282	0.0189786510199752
chr9	104873587	104873588	0.010947349453546
chr9	111952572	111952573	0.0189786510199752
chr9	112925454	112925455	0.410360692892148
chr9	113696130	113696131	0.171974242755742
chr9	115590113	115590114	0.0189786510199752
chr9	115590312	115590313	0.051219810355898
chr9	123557061	123557062	4.04236697466387e-05
chr9	124145011	124145012	0.0317495263254147
chr9	124574878	124574879	0.410360692892148
chr9	125477640	125477641	5.5007059004919e-14
chr9	125632343	125632344	1.02157286717103e-15
chr9	126986960	126986961	9.0903786488488e-05
chr9	127507506	127507507	9.0903786488488e-05
chr9	128021060	128021061	0.910728744858846
chr9	128914270	128914271	0.410360692892148
chr9	129125836	129125837	6.27978306910122e-08
chr9	129229529	129229530	0.238712293877032
chr9	129229840	129229841	0.119262663111701
chr9	129230205	129230206	0.0796348953593159
chr9	129524447	129524448	0.318957605580944
chr9	130216808	130216809	0.0017082980966096
chr9	131801944	131801945	0.0317495263254147
chr9	133352033	133352034	0.0317495263254147
chr9	133438132	133438133	0.0004196676111481
chr9	133506101	133506102	0.0001983498297928
chr9	133855676	133855677	0.171974242755742
chr9	133855698	133855699	0.608390429317942
chr9	133855955	133855956	0.0317495263254147
chr9	133945401	133945402	0.0189786510199752
chr9	133945734	133945735	0.010947349453546
chr9	13750430	13750431	2.23991353263503e-08
chr9	22169700	22169701	9.0903786488488e-05
chr9	2285569	2285570	0.410360692892148
chr9	26637254	26637255	0.0017082980966096
chr9	27367279	27367280	0.318957605580944
chr9	27367613	27367614	0.238712293877032
chr9	33101839	33101840	0.0008604282105759
chr9	33101998	33101999	0.787494743139936
chr9	33404809	33404810	0.948446724950322
chr9	34875733	34875734	0.0032820896246216
chr9	36855488	36855489	0.238712293877032
chr9	36969207	36969208	0.010947349453546
chr9	37729788	37729789	0.318957605580944
chr9	38642881	38642882	0.0189786510199752
chr9	4334605	4334606	0.010947349453546
chr9	4345430	4345431	0.0004196676111481
chr9	7067494	7067495	0.238712293877032
chr9	69444197	69444198	0.010947349453546
chr9	735088	735089	0.0017082980966096
chr9	72477137	72477138	0.0017082980966096
chr9	77713251	77713252	0.0317495263254147
chr9	77807266	77807267	0.0189786510199752
chr9	78919816	78919817	0.0001983498297928
chr9	79189647	79189648	0.0032820896246216
chr9	81626526	81626527	0.119262663111701
chr9	86500971	86500972	0.238712293877032
chr9	89919811	89919812	0.119262663111701
chr9	92928754	92928755	0.006097732800868
chr9	94623665	94623666	0.238712293877032
chr9	94649754	94649755	0.508715564308711
chr9	94983755	94983756	0.238712293877032
chr9	95183513	95183514	0.171974242755742
chr9	95857697	95857698	0.0189786510199752
chr9	96331398	96331399	0.0796348953593159
chr9	96331436	96331437	4.04236697466387e-05
