chr10	132304495	132304496	0.0017082980966096
chr10	14554739	14554740	0.0796348953593159
chr10	14554825	14554826	0.0317495263254147
chr10	307365	307366	0.010947349453546
chr10	50604512	50604513	0.0017082980966096
chr10	5559821	5559822	0.0317495263254147
chr10	75108140	75108141	6.27978306910122e-08
chr10	89555912	89555913	0.0189786510199752
chr10	89555926	89555927	0.0189786510199752
chr10	97584163	97584164	7.32030730029599e-06
chr11	1060933	1060934	0.119262663111701
chr11	114479064	114479065	0.171974242755742
chr11	114479117	114479118	0.318957605580944
chr11	132962438	132962439	0.0017082980966096
chr11	133064495	133064496	0.119262663111701
chr11	18412292	18412293	0.0317495263254147
chr11	1833340	1833341	0.0796348953593159
chr11	3006909	3006910	0.0001983498297928
chr11	88414404	88414405	9.0903786488488e-05
chr11	88414677	88414678	0.0796348953593159
chr12	103802722	103802723	0.171974242755742
chr12	998663	998664	0.410360692892148
chr12	11623297	11623298	0.051219810355898
chr12	125093187	125093188	0.010947349453546
chr12	133181367	133181368	1.74527624723374e-05
chr12	133181513	133181514	0.0008604282105759
chr12	55642346	55642347	0.608390429317942
chr12	55642479	55642480	0.508715564308711
chr12	57605317	57605318	1.18351095952227e-06
chr12	6370125	6370126	0.0032820896246216
chr13	110314001	110314002	0.171974242755742
chr13	112931583	112931584	0.010947349453546
chr13	113402921	113402922	0.238712293877032
chr13	113403017	113403018	0.238712293877032
chr13	114069093	114069094	0.010947349453546
chr13	114069113	114069114	7.32030730029599e-06
chr13	49620257	49620258	0.006097732800868
chr13	98172513	98172514	0.318957605580944
chr13	98172551	98172552	0.787494743139936
chr13	98172785	98172786	0.238712293877032
chr14	20657678	20657679	0.508715564308711
chr14	20657878	20657879	0.051219810355898
chr14	51430865	51430866	0.318957605580944
chr14	61334621	61334622	0.0189786510199752
chr14	68797388	68797389	0.318957605580944
chr14	89813825	89813826	0.171974242755742
chr14	93981120	93981121	4.04236697466387e-05
chr15	101491140	101491141	0.0317495263254147
chr15	42057814	42057815	0.0317495263254147
chr15	51797113	51797114	4.04236697466387e-05
chr15	51797233	51797234	0.0001983498297928
chr15	59594569	59594570	0.787494743139936
chr15	68422110	68422111	0.006097732800868
chr15	68422400	68422401	0.508715564308711
chr15	71677512	71677513	0.171974242755742
chr15	80701946	80701947	0.0008604282105759
chr15	91104209	91104210	0.238712293877032
chr16	1471554	1471555	0.171974242755742
chr16	1471743	1471744	0.006097732800868
chr16	1472174	1472175	4.56697868334658e-07
chr16	1472222	1472223	2.98458571542928e-06
chr16	16029190	16029191	0.0004196676111481
chr16	250641	250642	0.0796348953593159
chr16	30078116	30078117	0.010947349453546
chr16	3142671	3142672	0.0032820896246216
chr16	55833326	55833327	0.0032820896246216
chr16	57602392	57602393	0.0017082980966096
chr16	66714708	66714709	0.0001983498297928
chr16	66715002	66715003	0.0004196676111481
chr16	67926201	67926202	0.0032820896246216
chr16	83897932	83897933	0.608390429317942
chr16	87705251	87705252	0.703194782716079
chr16	87705281	87705282	0.703194782716079
chr16	87705480	87705481	0.508715564308711
chr16	88707484	88707485	9.0903786488488e-05
chr16	90106287	90106288	0.0189786510199752
chr17	28227748	28227749	0.0796348953593159
chr17	35448800	35448801	0.238712293877032
chr17	35802062	35802063	0.0796348953593159
chr17	35930632	35930633	0.0189786510199752
chr17	35931002	35931003	0.0796348953593159
chr17	36592930	36592931	2.82832608069679e-10
chr17	36594406	36594407	7.05981208409337e-13
chr17	3905418	3905419	0.0317495263254147
chr17	47946327	47946328	2.82832608069679e-10
chr17	55740680	55740681	0.318957605580944
chr17	6657657	6657658	0.051219810355898
chr17	78736255	78736256	0.0017082980966096
chr17	80819675	80819676	0.508715564308711
chr17	80819841	80819842	0.119262663111701
chr17	80819852	80819853	0.238712293877032
chr17	81642383	81642384	4.56697868334658e-07
chr17	910083	910084	0.318957605580944
chr19	11152816	11152817	0.0008604282105759
chr19	11152973	11152974	0.0032820896246216
chr19	11624742	11624743	0.051219810355898
chr19	12891569	12891570	0.0796348953593159
chr19	14563422	14563423	0.0189786510199752
chr19	16436157	16436158	4.04236697466387e-05
chr19	17553608	17553609	0.0032820896246216
chr19	21569206	21569207	0.051219810355898
chr19	2331181	2331182	0.410360692892148
chr19	38320512	38320513	0.0796348953593159
chr19	46133617	46133618	0.410360692892148
chr19	47337024	47337025	0.006097732800868
chr19	47337303	47337304	0.0189786510199752
chr19	48876068	48876069	0.0032820896246216
chr19	49476140	49476141	9.0903786488488e-05
chr19	49476635	49476636	0.0004196676111481
chr19	51702356	51702357	0.0317495263254147
chr19	54451196	54451197	1.74527624723374e-05
chr19	54451289	54451290	7.32030730029599e-06
chr19	54451401	54451402	0.0008604282105759
chr19	54451516	54451517	4.04236697466387e-05
chr19	58204170	58204171	0.171974242755742
chr19	58204576	58204577	0.608390429317942
chr19	58519212	58519213	4.04236697466387e-05
chr1	10451486	10451487	0.0017082980966096
chr1	10451531	10451532	1.74527624723374e-05
chr1	1130648	1130649	0.0032820896246216
chr1	115705168	115705169	0.119262663111701
chr1	13801147	13801148	0.0017082980966096
chr1	1543952	1543953	0.0017082980966096
chr1	15089829	15089830	0.0189786510199752
chr1	15206608	15206609	0.0796348953593159
chr1	166906841	166906842	0.171974242755742
chr1	182303853	182303854	0.0317495263254147
chr1	201381854	201381855	0.608390429317942
chr1	227429817	227429818	0.0189786510199752
chr1	227430059	227430060	0.010947349453546
chr1	227766253	227766254	0.238712293877032
chr1	244342014	244342015	0.0017082980966096
chr1	244953112	244953113	0.318957605580944
chr1	2524060	2524061	1.74527624723374e-05
chr1	39786535	39786536	0.410360692892148
chr1	52707379	52707380	4.04236697466387e-05
chr1	60490064	60490065	0.051219810355898
chr1	67816180	67816181	0.010947349453546
chr1	84605021	84605022	0.119262663111701
chr1	88993791	88993792	0.318957605580944
chr1	89762089	89762090	4.04236697466387e-05
chr1	89762122	89762123	0.006097732800868
chr1	9321422	9321423	0.0004196676111481
chr1	9321444	9321445	0.0008604282105759
chr20	1337136	1337137	0.006097732800868
chr20	13995142	13995143	0.0032820896246216
chr20	13995195	13995196	0.0032820896246216
chr20	16551774	16551775	0.0017082980966096
chr20	16551895	16551896	0.0008604282105759
chr20	16552105	16552106	0.0317495263254147
chr20	16552232	16552233	0.0017082980966096
chr20	50345900	50345901	0.051219810355898
chr21	33380731	33380732	0.051219810355898
chr21	39083121	39083122	0.0008604282105759
chr21	43779856	43779857	0.051219810355898
chr22	17233804	17233805	0.857262027006661
chr22	17477844	17477845	0.238712293877032
chr22	20429929	20429930	0.0032820896246216
chr22	20430262	20430263	0.857262027006661
chr22	23305821	23305822	0.0017082980966096
chr22	30505604	30505605	0.0317495263254147
chr22	31284637	31284638	1.74527624723374e-05
chr22	32502303	32502304	6.27978306910122e-08
chr22	36145676	36145677	0.0004196676111481
chr22	42314045	42314046	1.18351095952227e-06
chr22	50613950	50613951	4.04236697466387e-05
chr2	106157841	106157842	0.0317495263254147
chr2	1625335	1625336	0.010947349453546
chr2	16320099	16320100	0.051219810355898
chr2	177623000	177623001	0.006097732800868
chr2	181656850	181656851	9.0903786488488e-05
chr2	200376691	200376692	2.98458571542928e-06
chr2	207134075	207134076	0.0001983498297928
chr2	207134384	207134385	0.051219810355898
chr2	232925736	232925737	0.0001983498297928
chr2	233348807	233348808	4.56697868334658e-07
chr2	233349454	233349455	6.27978306910122e-08
chr2	238409042	238409043	0.119262663111701
chr2	31236877	31236878	2.98458571542928e-06
chr2	31238528	31238529	0.010947349453546
chr2	63699062	63699063	7.32030730029599e-06
chr2	64064645	64064646	4.04236697466387e-05
chr2	85892735	85892736	7.32030730029599e-06
chr2	9738988	9738989	0.0032820896246216
chr2	9753020	9753021	0.0001983498297928
chr2	9753324	9753325	4.04236697466387e-05
chr3	125148789	125148790	7.32030730029599e-06
chr3	138125802	138125803	0.508715564308711
chr3	197520026	197520027	0.171974242755742
chr3	30721168	30721169	0.0796348953593159
chr3	32459937	32459938	0.318957605580944
chr3	48665172	48665173	5.5007059004919e-14
chr3	49904002	49904003	1.01333917527418e-22
chr3	50334000	50334001	2.44826375525797e-12
chr3	52830567	52830568	5.5007059004919e-14
chr3	54968038	54968039	0.0796348953593159
chr3	57959875	57959876	0.006097732800868
chr3	57960368	57960369	0.0004196676111481
chr3	69321244	69321245	0.0317495263254147
chr4	140213755	140213756	0.0317495263254147
chr4	140286873	140286874	0.010947349453546
chr4	141912998	141912999	0.0796348953593159
chr4	145177287	145177288	0.119262663111701
chr4	153652510	153652511	0.0796348953593159
chr4	168440745	168440746	0.171974242755742
chr4	179225864	179225865	0.0004196676111481
chr4	184733682	184733683	0.0796348953593159
chr4	54091723	54091724	0.0796348953593159
chr4	88143923	88143924	0.318957605580944
chr5	103562501	103562502	7.32030730029599e-06
chr5	139986227	139986228	0.0017082980966096
chr5	149126064	149126065	0.0796348953593159
chr5	170785122	170785123	0.703194782716079
chr5	174336352	174336353	0.0017082980966096
chr5	176404643	176404644	0.171974242755742
chr5	17744475	17744476	0.0317495263254147
chr5	39195320	39195321	9.0903786488488e-05
chr5	5351661	5351662	0.910728744858846
chr5	54524436	54524437	0.119262663111701
chr5	6660286	6660287	0.0017082980966096
chr6	107658470	107658471	0.119262663111701
chr6	11229719	11229720	0.119262663111701
chr6	112881054	112881055	0.0017082980966096
chr6	13514064	13514065	0.0796348953593159
chr6	150068787	150068788	0.119262663111701
chr6	151044851	151044852	0.0317495263254147
chr6	166464605	166464606	0.410360692892148
chr6	166830722	166830723	0.171974242755742
chr6	170272957	170272958	0.0001983498297928
chr6	25178761	25178762	0.0317495263254147
chr6	28252047	28252048	1.01333917527418e-22
chr6	33696830	33696831	0.119262663111701
chr6	34514720	34514721	8.74999150070675e-10
chr6	37783442	37783443	0.010947349453546
chr6	41100683	41100684	0.0032820896246216
chr6	41100966	41100967	0.0317495263254147
chr6	43645442	43645443	0.119262663111701
chr6	44177060	44177061	0.0008604282105759
chr6	52328714	52328715	0.119262663111701
chr6	52328751	52328752	0.0189786510199752
chr6	73722912	73722913	0.0796348953593159
chr6	73722939	73722940	0.051219810355898
chr6	82363153	82363154	0.0189786510199752
chr7	11757274	11757275	0.0017082980966096
chr7	139483869	139483870	0.0317495263254147
chr7	140635769	140635770	0.0032820896246216
chr7	148535550	148535551	0.051219810355898
chr7	158111754	158111755	0.051219810355898
chr7	18890589	18890590	9.0903786488488e-05
chr7	2733155	2733156	0.006097732800868
chr7	27897647	27897648	9.0903786488488e-05
chr7	4725229	4725230	0.0001983498297928
chr7	4725386	4725387	7.32030730029599e-06
chr7	87600876	87600877	0.910728744858846
chr8	100542252	100542253	0.0317495263254147
chr8	100542467	100542468	0.051219810355898
chr8	127899679	127899680	0.171974242755742
chr8	42277659	42277660	0.119262663111701
chr8	67747867	67747868	0.787494743139936
chr8	67747911	67747912	0.119262663111701
chr8	8963807	8963808	5.5007059004919e-14
chr8	93794628	93794629	1.7158545546957e-07
chr9	97970519	97970520	7.32030730029599e-06
chr9	98223444	98223445	0.0032820896246216
chr9	111795194	111795195	0.0189786510199752
chr9	111795287	111795288	0.318957605580944
chr9	111795720	111795721	0.0008604282105759
chr9	114372058	114372059	9.0903786488488e-05
chr9	122468768	122468769	0.051219810355898
chr9	122468812	122468813	0.508715564308711
chr9	126532766	126532767	0.787494743139936
chr9	128940611	128940612	0.0317495263254147
chr9	131530027	131530028	0.006097732800868
chr9	132849513	132849514	0.006097732800868
chr9	132849549	132849550	0.0008604282105759
chr9	35650460	35650461	0.0001983498297928
chr9	69131336	69131337	0.010947349453546
chr9	738939	738940	0.119262663111701
chr9	89435912	89435913	9.0903786488488e-05
