ReadLength	Count
0	0
1	0
2	0
3	0
4	0
5	0
6	0
7	0
8	0
9	0
10	0
11	0
12	0
13	0
14	0
15	0
16	0
17	0
18	0
19	0
20	0
21	0
22	0
23	0
24	0
25	0
26	0
27	0
28	0
29	0
30	207085
31	195950
32	152558
33	151162
34	106016
35	171573
36	138950
37	139964
38	106675
39	102222
40	126915
41	107564
42	95729
43	92357
44	82368
45	103919
46	88455
47	85484
48	76886
49	76590
50	79641
51	96626
52	79992
53	90940
54	65604
55	66311
56	63215
57	65096
58	62864
59	59712
60	55550
61	56789
62	53233
63	52397
64	56011
65	49773
66	54434
67	43713
68	44931
69	49100
70	40013
71	41828
72	39924
73	39880
74	34868
75	35753
76	30402
77	34944
78	27440
79	28918
80	23895
81	24461
82	20406
83	24112
84	19921
85	19368
86	18201
87	17227
88	16006
89	15869
90	19973
91	21524
92	12483
93	13302
94	11460
95	13086
96	10430
97	9437
98	8996
99	9088
100	7926
101	7353
102	5892
103	5342
104	5655
105	4260
106	3562
107	3099
108	2777
109	2672
110	2068
111	1705
112	1144
113	1249
114	707
115	598
116	437
117	312
118	229
119	183
120	149
121	102
122	74
123	65
124	51
125	36
126	30
127	17
128	5
129	1
130	5
131	1
132	1
133	0
134	0
135	0
136	0
137	0
138	0
139	0
140	0
141	0
142	0
143	0
144	0
145	0
146	0
147	0
148	0
149	0
150	702746918
151	0
152	0
153	0
154	0
155	0
156	0
157	0
158	0
159	0
160	0
161	0
162	0
163	0
164	0
165	0
166	0
167	0
168	0
169	0
170	0
171	0
172	0
173	0
174	0
175	0
176	0
177	0
178	0
179	0
180	0
181	0
182	0
183	0
184	0
185	0
186	0
187	0
188	0
189	0
190	0
191	0
192	0
193	0
194	0
195	0
196	0
197	0
198	0
199	0
