ReadLength	Count
0	0
1	0
2	0
3	0
4	0
5	0
6	0
7	0
8	0
9	0
10	0
11	0
12	0
13	0
14	0
15	0
16	0
17	0
18	0
19	0
20	0
21	0
22	0
23	0
24	0
25	0
26	0
27	0
28	0
29	0
30	204562
31	194672
32	158373
33	162508
34	113833
35	176612
36	147440
37	150871
38	113583
39	111284
40	141547
41	117793
42	110207
43	105152
44	92867
45	116436
46	105449
47	99730
48	89672
49	90431
50	92872
51	120703
52	94370
53	116624
54	80772
55	78294
56	77800
57	78436
58	76247
59	72567
60	63509
61	68366
62	63141
63	66092
64	72339
65	61142
66	62799
67	54398
68	55774
69	60206
70	48724
71	53213
72	46964
73	52631
74	45269
75	45424
76	37520
77	40923
78	33356
79	35859
80	30756
81	30980
82	25677
83	29919
84	25249
85	24813
86	23174
87	21785
88	20970
89	20230
90	22689
91	26104
92	16016
93	18044
94	14389
95	16718
96	13283
97	11986
98	11258
99	11454
100	10116
101	9387
102	7043
103	6489
104	6317
105	5138
106	4343
107	3638
108	3408
109	3212
110	2472
111	1775
112	1329
113	1230
114	838
115	737
116	551
117	441
118	318
119	270
120	199
121	184
122	109
123	83
124	73
125	35
126	40
127	27
128	12
129	4
130	3
131	2
132	2
133	0
134	0
135	0
136	0
137	0
138	0
139	0
140	0
141	0
142	0
143	0
144	0
145	0
146	0
147	0
148	0
149	0
150	684639754
151	0
152	0
153	0
154	0
155	0
156	0
157	0
158	0
159	0
160	0
161	0
162	0
163	0
164	0
165	0
166	0
167	0
168	0
169	0
170	0
171	0
172	0
173	0
174	0
175	0
176	0
177	0
178	0
179	0
180	0
181	0
182	0
183	0
184	0
185	0
186	0
187	0
188	0
189	0
190	0
191	0
192	0
193	0
194	0
195	0
196	0
197	0
198	0
199	0
