ReadLength	Count
0	0
1	0
2	0
3	0
4	0
5	0
6	0
7	0
8	0
9	0
10	0
11	0
12	0
13	0
14	0
15	0
16	0
17	0
18	0
19	0
20	0
21	0
22	0
23	0
24	0
25	0
26	0
27	0
28	0
29	0
30	272450
31	267996
32	215363
33	204845
34	151880
35	241590
36	203670
37	200296
38	150202
39	149953
40	175102
41	149537
42	135429
43	133630
44	119067
45	146765
46	126262
47	123933
48	112402
49	112988
50	119289
51	144616
52	119471
53	138587
54	102906
55	97804
56	100613
57	98770
58	96366
59	92937
60	82736
61	86102
62	80929
63	82347
64	88669
65	77489
66	78982
67	65207
68	67758
69	76363
70	60991
71	63331
72	60246
73	75146
74	53827
75	52819
76	46381
77	48916
78	44560
79	47880
80	35669
81	36706
82	30514
83	37490
84	29474
85	28051
86	26889
87	25505
88	24536
89	23436
90	28272
91	31416
92	18267
93	21487
94	18151
95	19842
96	14861
97	13612
98	12544
99	13278
100	11705
101	10216
102	8539
103	7468
104	7353
105	6262
106	5051
107	4444
108	4002
109	4034
110	2962
111	2295
112	1415
113	1236
114	1002
115	795
116	574
117	388
118	360
119	267
120	254
121	185
122	98
123	96
124	67
125	42
126	32
127	21
128	11
129	3
130	6
131	4
132	0
133	0
134	0
135	0
136	0
137	0
138	0
139	0
140	0
141	0
142	0
143	0
144	0
145	0
146	0
147	0
148	0
149	0
150	791017896
151	0
152	0
153	0
154	0
155	0
156	0
157	0
158	0
159	0
160	0
161	0
162	0
163	0
164	0
165	0
166	0
167	0
168	0
169	0
170	0
171	0
172	0
173	0
174	0
175	0
176	0
177	0
178	0
179	0
180	0
181	0
182	0
183	0
184	0
185	0
186	0
187	0
188	0
189	0
190	0
191	0
192	0
193	0
194	0
195	0
196	0
197	0
198	0
199	0
